39
OQ818318    0.0000000 0.7256200 0.5793974 0.9613203 0.9301519 1.0652150 1.4318699 1.4219007 1.4801261 1.4828651 1.5013013 3.0525354 3.0762364 3.0706858 2.9451192 2.9492585 2.9866671 2.9156578 2.9193182 3.0209555 3.0164172 3.0164839 2.9554116 2.9438537 3.0207502 3.0330822 3.0571117 3.0343751 3.0554290 3.0230675 3.1092867 3.0414304 3.1335448 3.1144875 3.0400641 3.0089336 3.0021923 3.2040120 6.8561939 
PP711948.1  0.7256200 0.0000000 0.7353689 0.8656366 0.9425129 0.9984928 1.3692128 1.3890299 1.4169603 1.4288060 1.4739875 3.1024724 3.1210578 3.1183062 3.0833061 3.0878517 3.1176399 3.0526366 3.0565217 3.0717575 3.1049360 3.1050081 3.0080594 3.0710525 3.2069832 3.2299896 3.1251420 3.1263203 3.0581474 3.0405075 3.1027011 3.0849840 3.1671660 3.1607055 3.0952682 3.0779115 3.0908867 3.2176616 6.9827193 
KX420938.1  0.5793974 0.7353689 0.0000000 0.8933477 0.9033851 1.0315925 1.2490335 1.1855578 1.2209905 1.1982186 1.3309704 3.0793003 3.0880936 3.0880936 2.8820016 2.8791928 3.0596008 3.0030310 3.0030310 2.9085923 3.0226237 3.0227264 3.0044361 2.9740840 2.9250948 3.0423815 2.9319789 2.9319789 2.9384618 3.0042407 3.1327769 2.9946473 3.0150721 3.0546305 3.0129471 3.1284889 3.1731387 3.0017047 6.2131137 
OR951333.1  0.9613203 0.8656366 0.8933477 0.0000000 0.3161999 1.0428289 1.4795467 1.4330056 1.4633700 1.4518128 1.3727800 3.2895719 3.3191854 3.3191854 3.2733262 3.2733262 3.3679994 3.1541937 3.1582877 3.0163624 3.2134543 3.2135346 3.0804772 3.1259935 3.1446375 3.2392131 3.1415468 3.1415468 3.2216466 3.1756806 3.1023995 3.2069643 3.3083007 3.3088006 3.2654620 3.1980539 3.1990536 3.3442540 6.2809146 
OR951334.1  0.9301519 0.9425129 0.9033851 0.3161999 0.0000000 1.0906412 1.4868083 1.4405570 1.4422455 1.4536590 1.4489616 3.2923732 3.3255325 3.3191648 3.3182501 3.3182501 3.4295164 3.1803856 3.1845419 3.0300316 3.2146872 3.2147681 3.2569912 3.1474704 3.1751775 3.3051766 3.1110885 3.1110885 3.2400422 3.2513026 3.0454612 3.2092708 3.3235216 3.3235216 3.3303169 3.3005743 3.3005743 3.3074447 6.6645812 
OR951324.1  1.0652150 0.9984928 1.0315925 1.0428289 1.0906412 0.0000000 1.3894123 1.3606167 1.3866845 1.3852507 1.4445718 3.1436228 3.1668193 3.1668193 3.1150314 3.1150314 3.1698252 3.0288817 3.0328317 3.0922137 3.0915750 3.0916481 3.0048193 3.1191457 3.0555762 3.1075158 2.9688584 2.9688584 3.0868169 3.0165382 3.1990445 3.0899963 3.0905348 3.0905348 3.0450678 3.2123230 3.2123230 3.0879942 6.3219470 
OQ818323    1.4318699 1.3692128 1.2490335 1.4795467 1.4868083 1.3894123 0.0000000 0.2706415 0.4569302 0.4728871 0.6395319 2.9816481 3.0163157 3.0137962 3.1058228 3.1157579 3.1252538 3.0344197 3.0304387 3.1585883 3.1406607 3.1391569 3.1512800 3.1138473 3.1316944 3.1170638 3.1525116 3.1598788 3.0833426 3.1537809 3.0786929 3.0739793 3.1182949 3.0956250 3.0120024 3.1104971 3.1339500 3.2576336 6.9025511 
PP711934.1  1.4219007 1.3890299 1.1855578 1.4330056 1.4405570 1.3606167 0.2706415 0.0000000 0.3861237 0.3873541 0.6773012 2.9510780 2.9669423 2.9643386 2.9391676 2.9391676 3.0005932 3.0193114 3.0180436 2.9656026 3.0019003 3.0064643 2.9716500 3.0959827 3.0668946 3.0694241 3.1151096 3.1180935 3.0424560 2.9826816 3.1695486 3.1687781 3.1475232 3.1490831 3.0898829 3.1591071 3.1696475 3.1487127 7.0992383 
OQ818324    1.4801261 1.4169603 1.2209905 1.4633700 1.4422455 1.3866845 0.4569302 0.3861237 0.0000000 0.0025843 0.6673210 3.1700552 3.1819009 3.1791801 3.1329647 3.1359774 3.1418182 3.1591086 3.1549208 3.1932368 3.1393803 3.1394516 3.1148237 3.1756565 3.1398626 3.1702184 3.2330378 3.2306678 3.1393682 3.1872446 3.2525424 3.3017950 3.2149816 3.2140687 3.1731971 3.1983857 3.2022877 3.3256940 6.9687279 
PV788826    1.4828651 1.4288060 1.1982186 1.4518128 1.4536590 1.3852507 0.4728871 0.3873541 0.0025843 0.0000000 0.6898027 3.1639101 3.1761723 3.1733556 3.1320222 3.1351488 3.1388094 3.1659620 3.1616087 3.2035497 3.1310963 3.1358309 3.1050786 3.1916517 3.1449915 3.1925650 3.2542379 3.2585046 3.1630825 3.1903467 3.2697122 3.3337377 3.2411873 3.2401547 3.1698868 3.2074907 3.2116126 3.3513884 6.9705535 
OR951335.1  1.5013013 1.4739875 1.3309704 1.3727800 1.4489616 1.4445718 0.6395319 0.6773012 0.6673210 0.6898027 0.0000000 3.0940083 3.0751479 3.0751479 3.0724952 3.0724952 3.1106687 2.9943560 2.9957958 3.0815993 3.0431298 3.0431999 2.8969786 2.9740322 2.9313751 3.0026355 3.0222479 3.0222479 2.9984520 2.9370423 3.0179929 3.1213345 3.1353480 3.1353480 3.1796365 3.1076258 3.1076258 3.1269669 6.9692505 
GQ914053.2  3.0525354 3.1024724 3.0793003 3.2895719 3.2923732 3.1436228 2.9816481 2.9510780 3.1700552 3.1639101 3.0940083 0.0000000 0.0074874 0.0067740 0.1947009 0.1947989 0.1700416 0.1927388 0.1924135 0.2416518 0.3129106 0.3127916 0.2678461 0.2893843 0.3088448 0.3062271 0.3063562 0.3064029 0.3012713 0.3029776 0.3095805 0.3110188 0.6663646 0.6593253 0.6604624 0.6735591 0.6729343 0.5458038 4.8758915 
KC667562.1  3.0762364 3.1210578 3.0880936 3.3191854 3.3255325 3.1668193 3.0163157 2.9669423 3.1819009 3.1761723 3.0751479 0.0074874 0.0000000 0.0006991 0.1977503 0.1978526 0.1709810 0.1953911 0.1950634 0.2401888 0.3135459 0.3134268 0.2691535 0.2894952 0.3100459 0.3051397 0.3091197 0.3091686 0.3022848 0.3020630 0.3089860 0.3109501 0.6679335 0.6618472 0.6668754 0.6780339 0.6775009 0.5478834 4.8982937 
KC667563.1  3.0706858 3.1183062 3.0880936 3.3191854 3.3191648 3.1668193 3.0137962 2.9643386 3.1791801 3.1733556 3.0751479 0.0067740 0.0006991 0.0000000 0.1975258 0.1976278 0.1707701 0.1946789 0.1943519 0.2404333 0.3132608 0.3131417 0.2677459 0.2891414 0.3097575 0.3054128 0.3081988 0.3082470 0.3013679 0.3017853 0.3082991 0.3112255 0.6665231 0.6604585 0.6663857 0.6764633 0.6759261 0.5466159 4.8982937 
LC386152.1  2.9451192 3.0833061 2.8820016 3.2733262 3.3182501 3.1150314 3.1058228 2.9391676 3.1329647 3.1320222 3.0724952 0.1947009 0.1977503 0.1975258 0.0000000 0.0000010 0.1715943 0.2026796 0.2023772 0.2462178 0.3117398 0.3117501 0.2620118 0.3036655 0.3081462 0.3243375 0.3163471 0.3164025 0.3170407 0.3191513 0.3146501 0.3086147 0.6604140 0.6613111 0.6740400 0.6679338 0.6735808 0.5377390 4.8308585 
LC386153.1  2.9492585 3.0878517 2.8791928 3.2733262 3.3182501 3.1150314 3.1157579 2.9391676 3.1359774 3.1351488 3.0724952 0.1947989 0.1978526 0.1976278 0.0000010 0.0000000 0.1713930 0.2027154 0.2024128 0.2462178 0.3097291 0.3097394 0.2620118 0.3036655 0.3081462 0.3235833 0.3157954 0.3161212 0.3170407 0.3188928 0.3145805 0.3085662 0.6598150 0.6603028 0.6740400 0.6673328 0.6729719 0.5372023 4.8155877 
NC_003985.1 2.9866671 3.1176399 3.0596008 3.3679994 3.4295164 3.1698252 3.1252538 3.0005932 3.1418182 3.1388094 3.1106687 0.1700416 0.1709810 0.1707701 0.1715943 0.1713930 0.0000000 0.1836128 0.1833284 0.2294079 0.2956456 0.2956558 0.2503506 0.2763252 0.2923549 0.2913769 0.2886770 0.2885805 0.2986798 0.2851362 0.3173048 0.3042085 0.6373739 0.6367519 0.6354013 0.6423192 0.6454801 0.5281370 4.8071782 
MF967586.1  2.9156578 3.0526366 3.0030310 3.1541937 3.1803856 3.0288817 3.0344197 3.0193114 3.1591086 3.1659620 2.9943560 0.1927388 0.1953911 0.1946789 0.2026796 0.2027154 0.1836128 0.0000000 0.0001405 0.2231329 0.2398484 0.2397662 0.2832189 0.2414852 0.2306288 0.2554949 0.2414205 0.2417021 0.2456797 0.2167286 0.2860034 0.2651920 0.6721595 0.6673983 0.6571889 0.6581144 0.6599985 0.5317568 4.6164751 
MN853134.1  2.9193182 3.0565217 3.0030310 3.1582877 3.1845419 3.0328317 3.0304387 3.0180436 3.1549208 3.1616087 2.9957958 0.1924135 0.1950634 0.1943519 0.2023772 0.2024128 0.1833284 0.0001405 0.0000000 0.2228082 0.2397535 0.2396714 0.2828164 0.2411293 0.2302809 0.2551290 0.2410246 0.2413059 0.2453245 0.2163625 0.2856071 0.2648187 0.6713485 0.6664176 0.6563716 0.6573201 0.6590212 0.5310665 4.6096335 
MN807750.1  3.0209555 3.0717575 2.9085923 3.0163624 3.0300316 3.0922137 3.1585883 2.9656026 3.1932368 3.2035497 3.0815993 0.2416518 0.2401888 0.2404333 0.2462178 0.2462178 0.2294079 0.2231329 0.2228082 0.0000000 0.2879518 0.2879620 0.2805639 0.2857429 0.2734266 0.3003745 0.2737379 0.2737379 0.2742552 0.2815766 0.2689318 0.2746291 0.6895550 0.6895550 0.6785737 0.6959045 0.6959045 0.5481208 4.7047753 
JN710381.1  3.0164172 3.1049360 3.0226237 3.2134543 3.2146872 3.0915750 3.1406607 3.0019003 3.1393803 3.1310963 3.0431298 0.3129106 0.3135459 0.3132608 0.3117398 0.3097291 0.2956456 0.2398484 0.2397535 0.2879518 0.0000000 0.0002807 0.2135160 0.1947887 0.2076695 0.2019785 0.1990631 0.1986036 0.1891413 0.1966753 0.2820406 0.2717911 0.6639091 0.6634057 0.6557806 0.6756046 0.6798423 0.5419939 4.6389889 
KC757344.1  3.0164839 3.1050081 3.0227264 3.2135346 3.2147681 3.0916481 3.1391569 3.0064643 3.1394516 3.1358309 3.0431999 0.3127916 0.3134268 0.3131417 0.3117501 0.3097394 0.2956558 0.2397662 0.2396714 0.2879620 0.0002807 0.0000000 0.2135250 0.1947971 0.2076782 0.2019870 0.1990018 0.1985424 0.1891495 0.1966148 0.2819374 0.2718009 0.6639213 0.6630613 0.6557930 0.6756168 0.6794835 0.5420060 4.6303933 
JN859128.2  2.9554116 3.0080594 3.0044361 3.0804772 3.2569912 3.0048193 3.1512800 2.9716500 3.1148237 3.1050786 2.8969786 0.2678461 0.2691535 0.2677459 0.2620118 0.2620118 0.2503506 0.2832189 0.2828164 0.2805639 0.2135160 0.2135250 0.0000000 0.1593444 0.2124493 0.2150415 0.2280261 0.2280261 0.2163836 0.2202485 0.2917562 0.2874511 0.6672772 0.6672772 0.6471701 0.6680599 0.6680599 0.5317237 4.5075153 
KR018369.1  2.9438537 3.0710525 2.9740840 3.1259935 3.1474704 3.1191457 3.1138473 3.0959827 3.1756565 3.1916517 2.9740322 0.2893843 0.2894952 0.2891414 0.3036655 0.3036655 0.2763252 0.2414852 0.2411293 0.2857429 0.1947887 0.1947971 0.1593444 0.0000000 0.1875526 0.1708423 0.2010051 0.2012588 0.2022676 0.1933306 0.3007902 0.2666740 0.6696802 0.6683408 0.6505780 0.6552487 0.6612183 0.5364262 4.4744685 
JQ975417.1  3.0207502 3.2069832 2.9250948 3.1446375 3.1751775 3.0555762 3.1316944 3.0668946 3.1398626 3.1449915 2.9313751 0.3088448 0.3100459 0.3097575 0.3081462 0.3081462 0.2923549 0.2306288 0.2302809 0.2734266 0.2076695 0.2076782 0.2124493 0.1875526 0.0000000 0.1175150 0.1694283 0.1694283 0.1924752 0.1745410 0.2928745 0.2682235 0.6744991 0.6744991 0.6447462 0.6590625 0.6590625 0.5545324 4.4715742 
KJ881010.1  3.0330822 3.2299896 3.0423815 3.2392131 3.3051766 3.1075158 3.1170638 3.0694241 3.1702184 3.1925650 3.0026355 0.3062271 0.3051397 0.3054128 0.3243375 0.3235833 0.2913769 0.2554949 0.2551290 0.3003745 0.2019785 0.2019870 0.2150415 0.1708423 0.1175150 0.0000000 0.1940137 0.1939691 0.2076126 0.1912002 0.3012010 0.2847644 0.6906735 0.6911911 0.6661292 0.6635122 0.6677710 0.5659631 4.6110128 
KX686489.1  3.0571117 3.1251420 2.9319789 3.1415468 3.1110885 2.9688584 3.1525116 3.1151096 3.2330378 3.2542379 3.0222479 0.3063562 0.3091197 0.3081988 0.3163471 0.3157954 0.2886770 0.2414205 0.2410246 0.2737379 0.1990631 0.1990018 0.2280261 0.2010051 0.1694283 0.1940137 0.0000000 0.0001400 0.1728586 0.1901682 0.2763735 0.2543366 0.6671804 0.6598825 0.6522280 0.6603904 0.6596415 0.5468149 4.6310088 
MG755212.1  3.0343751 3.1263203 2.9319789 3.1415468 3.1110885 2.9688584 3.1598788 3.1180935 3.2306678 3.2585046 3.0222479 0.3064029 0.3091686 0.3082470 0.3164025 0.3161212 0.2885805 0.2417021 0.2413059 0.2737379 0.1986036 0.1985424 0.2280261 0.2012588 0.1694283 0.1939691 0.0001400 0.0000000 0.1730946 0.1861389 0.2766758 0.2539737 0.6677154 0.6603182 0.6522280 0.6609196 0.6601721 0.5468149 4.5980830 
KU297677.1  3.0554290 3.0581474 2.9384618 3.2216466 3.2400422 3.0868169 3.0833426 3.0424560 3.1393682 3.1630825 2.9984520 0.3012713 0.3022848 0.3013679 0.3170407 0.3170407 0.2986798 0.2456797 0.2453245 0.2742552 0.1891413 0.1891495 0.2163836 0.2022676 0.1924752 0.2076126 0.1728586 0.1730946 0.0000000 0.1968373 0.3019074 0.2559738 0.6779834 0.6766165 0.6915567 0.6609718 0.6669768 0.5502591 4.7442826 
OL944705.1  3.0230675 3.0405075 3.0042407 3.1756806 3.2513026 3.0165382 3.1537809 2.9826816 3.1872446 3.1903467 2.9370423 0.3029776 0.3020630 0.3017853 0.3191513 0.3188928 0.2851362 0.2167286 0.2163625 0.2815766 0.1966753 0.1966148 0.2202485 0.1933306 0.1745410 0.1912002 0.1901682 0.1861389 0.1968373 0.0000000 0.2817289 0.2729293 0.6584232 0.6538220 0.6546840 0.6441284 0.6421180 0.5602928 4.4409302 
JQ429405.1  3.1092867 3.1027011 3.1327769 3.1023995 3.0454612 3.1990445 3.0786929 3.1695486 3.2525424 3.2697122 3.0179929 0.3095805 0.3089860 0.3082991 0.3146501 0.3145805 0.3173048 0.2860034 0.2856071 0.2689318 0.2820406 0.2819374 0.2917562 0.3007902 0.2928745 0.3012010 0.2763735 0.2766758 0.3019074 0.2817289 0.0000000 0.2503976 0.7114725 0.7069011 0.6975397 0.6827120 0.6871404 0.5766551 4.9078426 
MW824925.1  3.0414304 3.0849840 2.9946473 3.2069643 3.2092708 3.0899963 3.0739793 3.1687781 3.3017950 3.3337377 3.1213345 0.3110188 0.3109501 0.3112255 0.3086147 0.3085662 0.3042085 0.2651920 0.2648187 0.2746291 0.2717911 0.2718009 0.2874511 0.2666740 0.2682235 0.2847644 0.2543366 0.2539737 0.2559738 0.2729293 0.2503976 0.0000000 0.6800418 0.6792383 0.6746739 0.6859088 0.6929202 0.5871045 4.9983624 
LC386154.1  3.1335448 3.1671660 3.0150721 3.3083007 3.3235216 3.0905348 3.1182949 3.1475232 3.2149816 3.2411873 3.1353480 0.6663646 0.6679335 0.6665231 0.6604140 0.6598150 0.6373739 0.6721595 0.6713485 0.6895550 0.6639091 0.6639213 0.6672772 0.6696802 0.6744991 0.6906735 0.6671804 0.6677154 0.6779834 0.6584232 0.7114725 0.6800418 0.0000000 0.0000010 0.1386399 0.2359676 0.2373304 0.3593551 5.6576252 
LC386155.1  3.1144875 3.1607055 3.0546305 3.3088006 3.3235216 3.0905348 3.0956250 3.1490831 3.2140687 3.2401547 3.1353480 0.6593253 0.6618472 0.6604585 0.6613111 0.6603028 0.6367519 0.6673983 0.6664176 0.6895550 0.6634057 0.6630613 0.6672772 0.6683408 0.6744991 0.6911911 0.6598825 0.6603182 0.6766165 0.6538220 0.7069011 0.6792383 0.0000010 0.0000000 0.1386399 0.2368478 0.2357359 0.3593551 5.6888208 
NC_075980.1 3.0400641 3.0952682 3.0129471 3.2654620 3.3303169 3.0450678 3.0120024 3.0898829 3.1731971 3.1698868 3.1796365 0.6604624 0.6668754 0.6663857 0.6740400 0.6740400 0.6354013 0.6571889 0.6563716 0.6785737 0.6557806 0.6557930 0.6471701 0.6505780 0.6447462 0.6661292 0.6522280 0.6522280 0.6915567 0.6546840 0.6975397 0.6746739 0.1386399 0.1386399 0.0000000 0.2078510 0.2078510 0.3216844 5.3976516 
LC386156.1  3.0089336 3.0779115 3.1284889 3.1980539 3.3005743 3.2123230 3.1104971 3.1591071 3.1983857 3.2074907 3.1076258 0.6735591 0.6780339 0.6764633 0.6679338 0.6673328 0.6423192 0.6581144 0.6573201 0.6959045 0.6756046 0.6756168 0.6680599 0.6552487 0.6590625 0.6635122 0.6603904 0.6609196 0.6609718 0.6441284 0.6827120 0.6859088 0.2359676 0.2368478 0.2078510 0.0000000 0.0000010 0.2825949 5.4642232 
LC386157.1  3.0021923 3.0908867 3.1731387 3.1990536 3.3005743 3.2123230 3.1339500 3.1696475 3.2022877 3.2116126 3.1076258 0.6729343 0.6775009 0.6759261 0.6735808 0.6729719 0.6454801 0.6599985 0.6590212 0.6959045 0.6798423 0.6794835 0.6680599 0.6612183 0.6590625 0.6677710 0.6596415 0.6601721 0.6669768 0.6421180 0.6871404 0.6929202 0.2373304 0.2357359 0.2078510 0.0000010 0.0000000 0.2825949 5.4630074 
LC386158.1  3.2040120 3.2176616 3.0017047 3.3442540 3.3074447 3.0879942 3.2576336 3.1487127 3.3256940 3.3513884 3.1269669 0.5458038 0.5478834 0.5466159 0.5377390 0.5372023 0.5281370 0.5317568 0.5310665 0.5481208 0.5419939 0.5420060 0.5317237 0.5364262 0.5545324 0.5659631 0.5468149 0.5468149 0.5502591 0.5602928 0.5766551 0.5871045 0.3593551 0.3593551 0.3216844 0.2825949 0.2825949 0.0000000 5.2972115 
NC_001547.1 6.8561939 6.9827193 6.2131137 6.2809146 6.6645812 6.3219470 6.9025511 7.0992383 6.9687279 6.9705535 6.9692505 4.8758915 4.8982937 4.8982937 4.8308585 4.8155877 4.8071782 4.6164751 4.6096335 4.7047753 4.6389889 4.6303933 4.5075153 4.4744685 4.4715742 4.6110128 4.6310088 4.5980830 4.7442826 4.4409302 4.9078426 4.9983624 5.6576252 5.6888208 5.3976516 5.4642232 5.4630074 5.2972115 0.0000000 
