17
KU871313.1  0.0000000 0.1921053 2.9585342 2.9266369 2.7534550 2.8905884 2.8997729 2.9463307 2.9230570 2.8968774 2.8809995 2.7819035 3.0511267 3.0388393 3.2048783 3.0378284 4.5153640 
NC_016964.1 0.1921053 0.0000000 2.9331822 2.8922719 2.8320611 2.8822549 2.8578997 2.8409593 2.8493920 2.8062308 2.7934243 2.7637743 2.9532166 3.0232346 3.1452489 3.0121187 4.4494310 
MG888045.1  2.9585342 2.9331822 0.0000000 0.2105966 0.6651975 0.6512100 0.6393240 0.6548642 0.6626016 0.6499698 0.6468449 0.6658886 0.8445761 1.6640694 1.6230243 1.6814998 3.3251998 
NC_043072.1 2.9266369 2.8922719 0.2105966 0.0000000 0.6717028 0.6764165 0.6501725 0.6700887 0.6825404 0.6776260 0.6645384 0.6589801 0.8633123 1.6595561 1.6052208 1.7253362 3.4023133 
NC_034381.1 2.7534550 2.8320611 0.6651975 0.6717028 0.0000000 0.1679241 0.3316459 0.4026964 0.3954251 0.3946988 0.3944089 0.6997002 0.8311156 1.5387887 1.6170738 1.6934789 3.1508677 
OR867092.1  2.8905884 2.8822549 0.6512100 0.6764165 0.1679241 0.0000000 0.3389222 0.3791543 0.3741816 0.3782022 0.3887698 0.6821877 0.8569098 1.5513908 1.6550688 1.6968818 3.2041713 
OR951299.1  2.8997729 2.8578997 0.6393240 0.6501725 0.3316459 0.3389222 0.0000000 0.3663873 0.3604235 0.3660535 0.3716604 0.6505842 0.7883732 1.6173361 1.5690638 1.8185056 3.1569996 
OR951339.1  2.9463307 2.8409593 0.6548642 0.6700887 0.4026964 0.3791543 0.3663873 0.0000000 0.0380798 0.0314833 0.1887346 0.6354809 0.8030055 1.5411187 1.6440747 1.8668511 3.2332229 
OR951362.1  2.9230570 2.8493920 0.6626016 0.6825404 0.3954251 0.3741816 0.3604235 0.0380798 0.0000000 0.0433573 0.1915148 0.6378902 0.8121669 1.5530052 1.6542698 1.8754538 3.1896331 
OR951347.1  2.8968774 2.8062308 0.6499698 0.6776260 0.3946988 0.3782022 0.3660535 0.0314833 0.0433573 0.0000000 0.1909389 0.6432518 0.7903685 1.5211754 1.6354390 1.8631476 3.1837754 
OR951342.1  2.8809995 2.7934243 0.6468449 0.6645384 0.3944089 0.3887698 0.3716604 0.1887346 0.1915148 0.1909389 0.0000000 0.6387141 0.8105531 1.5794114 1.6050865 1.8374321 3.2369918 
OR951306.1  2.7819035 2.7637743 0.6658886 0.6589801 0.6997002 0.6821877 0.6505842 0.6354809 0.6378902 0.6432518 0.6387141 0.0000000 0.0550740 1.3441876 1.5190760 1.6249421 3.2436330 
OR951360.1  3.0511267 2.9532166 0.8445761 0.8633123 0.8311156 0.8569098 0.7883732 0.8030055 0.8121669 0.7903685 0.8105531 0.0550740 0.0000000 1.6139692 1.8089056 1.8720363 3.6793718 
NC_075428.1 3.0388393 3.0232346 1.6640694 1.6595561 1.5387887 1.5513908 1.6173361 1.5411187 1.5530052 1.5211754 1.5794114 1.3441876 1.6139692 0.0000000 1.7724961 1.8623225 4.1042322 
NC_026470.1 3.2048783 3.1452489 1.6230243 1.6052208 1.6170738 1.6550688 1.5690638 1.6440747 1.6542698 1.6354390 1.6050865 1.5190760 1.8089056 1.7724961 0.0000000 1.7186082 3.8938411 
OQ818316    3.0378284 3.0121187 1.6814998 1.7253362 1.6934789 1.6968818 1.8185056 1.8668511 1.8754538 1.8631476 1.8374321 1.6249421 1.8720363 1.8623225 1.7186082 0.0000000 3.9073091 
NC_001547.1 4.5153640 4.4494310 3.3251998 3.4023133 3.1508677 3.2041713 3.1569996 3.2332229 3.1896331 3.1837754 3.2369918 3.2436330 3.6793718 4.1042322 3.8938411 3.9073091 0.0000000 
