223
OQ818319    0.0000000 0.0004644 0.4063966 0.7813291 0.7957989 1.1294067 1.1259105 1.1260561 0.9087083 1.1787910 1.2000721 0.9927186 1.0038397 1.1626071 1.1457093 1.9678772 2.2542108 1.9414958 2.4496800 2.2200359 2.1972634 2.1746529 2.1706562 2.2058046 2.1838211 2.1882760 2.1755479 2.1832167 2.1834957 2.1816452 2.2013338 2.2810600 2.2878109 2.2254412 2.2603335 2.2621700 2.2440247 2.2383301 2.2584232 2.2615751 2.2785085 2.2375376 2.2213753 2.2221605 2.2230486 2.2802253 2.2758163 2.3084356 2.2487607 2.2487607 2.2499848 2.2623373 2.2409345 2.2481484 2.2463048 2.2428052 2.2410969 2.2315261 2.2405595 2.2432990 2.2430199 2.2435781 2.1906410 2.1875101 2.1954123 2.1959081 2.1916586 2.1959081 2.1730672 2.1992370 2.2703467 2.2564807 2.2267986 2.2425145 2.2408930 2.2574862 2.1646151 2.1870389 2.1584331 2.1959491 2.2177538 2.2130757 2.2000562 2.1887170 2.2026804 2.2081300 2.2166675 2.1807362 2.2046705 2.1930205 2.2096646 2.2215465 2.2006858 2.2128015 2.2263643 2.2083221 2.2247153 2.2149435 2.2181913 2.2356190 2.1979596 2.1866577 2.2033691 2.2831729 2.2840011 2.2820348 2.2934201 2.0777954 2.0020446 2.1607286 2.2612153 2.2985976 2.2740119 2.2740119 2.3566230 2.2791456 2.3676014 2.3669903 2.2137415 2.3722574 2.3368362 2.3365216 2.3327204 2.2812029 2.2788005 2.2825110 2.2666358 2.3209498 2.3748950 2.3826086 2.3513753 2.3501169 2.3597000 2.3145899 2.3837835 2.3877799 2.3687679 2.4110380 2.3973997 2.4096420 2.4173264 2.3454955 2.3676105 2.3669578 2.3669578 2.3767680 2.3753432 2.3796572 2.3809895 2.4011392 2.4042440 2.4121059 2.4196826 2.4196826 2.4012750 2.3961024 2.3961024 2.3826580 2.3826580 2.3511172 2.3511446 2.3862407 2.3331622 2.3491564 2.3058233 1.2548393 2.3509776 2.0977834 2.1737683 1.8291908 1.9355568 2.3061173 2.0211240 2.2885272 2.0446990 2.4345152 2.0995813 2.0323603 2.4448590 2.1589048 2.2525223 2.2668027 2.2712355 2.2391178 2.0227529 2.1407062 2.5199675 2.2873838 2.5176430 2.5146889 2.5122490 2.2865527 2.0682734 2.1273645 2.3161890 2.1839464 2.1589222 2.2075567 2.2586123 2.8699597 3.2180419 3.3199294 3.2394218 3.2511137 3.2544223 3.1374468 3.2252115 3.1587167 3.2238569 3.3504733 3.4114353 3.2856102 3.4035484 3.4336537 3.4643486 3.3022353 3.1270990 3.1270990 3.1632596 3.1632596 3.4286259 1.9036898 4.5234636 
PP766459    0.0004644 0.0000000 0.4226473 0.7914817 0.7769658 1.1372788 1.1511805 1.1513083 0.9087083 1.1772263 1.2246766 0.9927186 1.0038397 1.1727507 1.1683115 1.9639336 2.6196520 1.9414958 2.7239226 2.3706010 2.3560047 2.3306384 2.3256071 2.3723125 2.3407010 2.3417754 2.3348850 2.3458112 2.3460176 2.3442541 2.3731544 2.4061386 2.4252733 2.4004161 2.4267188 2.4412550 2.4054952 2.4055892 2.4002360 2.4000686 2.4200203 2.3938952 2.3766007 2.4218370 2.3995123 2.4437692 2.4900199 2.5055886 2.4190234 2.4190234 2.4169528 2.4381647 2.4071175 2.4180149 2.4146537 2.4095220 2.4079053 2.3881222 2.4123796 2.4149954 2.4147313 2.4152595 2.3561189 2.3498120 2.3560607 2.3586376 2.3546058 2.3586376 2.3430713 2.3661910 2.3942344 2.3731907 2.3548551 2.3663890 2.3632359 2.3733122 2.3026986 2.3220585 2.3037763 2.3223540 2.3497185 2.3379077 2.3267372 2.3117411 2.3248845 2.3278409 2.3356440 2.3049831 2.3204355 2.3174829 2.3346735 2.3437033 2.3258559 2.3398847 2.3368782 2.3300377 2.3468150 2.3373178 2.3382975 2.3564777 2.3518453 2.3635086 2.3807584 2.4397907 2.4381018 2.4361650 2.4412578 2.2188157 2.2257514 2.1583751 2.4764587 2.5067704 2.5141611 2.5141611 2.5895491 2.5433198 2.5658386 2.5652016 2.4183540 2.6516288 2.5899565 2.5019144 2.5000104 2.4408445 2.4420410 2.4420732 2.4376740 2.5029933 2.5258661 2.5403561 2.5124274 2.5260611 2.4966982 2.4962654 2.5437520 2.5519861 2.5581518 2.4447411 2.5682742 2.5725315 2.5782300 2.5396665 2.5640110 2.5647711 2.5647711 2.5742745 2.5744129 2.5695302 2.5663253 2.5911280 2.5676548 2.5662001 2.5934069 2.5934069 2.5595273 2.5641639 2.5641639 2.5494230 2.5494230 2.4932775 2.3974234 2.4147713 2.3331234 2.5054608 2.4653348 1.3422634 2.5582758 2.0970392 2.1737683 1.8291908 1.9378789 2.4588915 2.3077768 2.4838094 2.0468557 2.5608229 2.1021238 2.0304938 2.4369380 2.4383391 2.3785861 2.4685749 2.2746978 2.4459656 2.1621441 2.1881921 2.8060010 2.5035077 2.7232040 2.7175843 2.7148607 2.2982195 2.3298225 2.3876742 2.4224560 2.3169223 2.3603336 2.5785562 2.7033544 3.2970595 3.5102760 3.5893607 3.4602594 3.5139802 3.5171230 3.3780306 3.2400656 3.4410520 3.4995944 3.5517782 3.4830606 3.4450498 3.5722598 3.6515761 3.6284688 3.5368506 3.3731070 3.3760098 3.4406158 3.4418713 3.5676536 2.0147470 4.8247769 
OQ818340    0.4063966 0.4226473 0.0000000 0.7027237 0.7656183 0.9738775 1.0544037 1.0544037 1.0714396 1.1825627 1.1710322 0.9829442 1.2501891 1.1040055 1.0506019 2.0555815 2.4743953 1.8077585 2.3992854 2.0960382 2.0908661 2.0366912 2.0263963 2.0522475 2.0963711 2.0733919 2.0710229 2.0908492 2.0884476 2.0850607 2.0631872 2.1060559 2.1064511 2.0266463 2.0655357 2.0243427 2.1067275 2.1161965 2.0686536 2.0894298 2.0573674 2.0138257 2.0190767 1.9774536 1.9903034 2.1564956 2.1132229 2.2192310 2.1268929 2.1268929 2.1322161 2.1007991 2.1223312 2.1057042 2.1028681 2.1173678 2.1142769 2.1084222 2.1050126 2.1015064 2.1015064 2.1050126 2.0447908 2.0447908 2.0447999 2.0574413 2.0622045 2.0574413 2.0765467 2.0618115 2.1777155 2.1734070 2.1704241 2.1313742 2.1322879 2.1904349 2.0648957 2.1051334 2.1108142 2.1472686 2.1170767 2.1896109 2.1869307 2.1821986 2.1959793 2.1958758 2.1905465 2.1780941 2.1446258 2.2132418 2.1913937 2.1894725 2.2062642 2.1937838 2.1718268 2.2117636 2.1571442 2.1830919 2.1329803 2.1518492 2.1704803 2.2100784 2.2036153 2.1236192 2.1353440 2.1358552 2.1273394 2.0753947 2.0778144 1.9237044 2.2273333 2.1907019 2.2066574 2.2066574 2.3009779 2.2725419 2.2950490 2.2978542 2.2821643 2.3198994 2.9791022 2.2072990 2.2104256 2.2233876 2.2233876 2.2272506 2.1903223 2.2423823 2.2406476 2.2548220 2.3431707 2.2980218 2.3012292 2.2923235 2.1876291 2.2603203 2.1936376 2.2101937 2.2109650 2.3979979 2.3984121 2.3184017 2.2039062 2.1951286 2.1951286 2.1995143 2.2116778 2.2141904 2.2135267 2.2096344 2.2242836 2.1757097 2.1464634 2.1464634 2.2487619 2.1922637 2.1922637 2.2002577 2.2002577 2.3206532 2.3206532 2.3104903 2.2810241 2.3141978 2.2732990 1.1454026 2.5063309 2.3397074 2.4891105 2.1713124 2.1771007 2.4322677 2.4616292 2.3539507 2.4383954 2.4961286 2.4156989 2.4996167 2.2781934 2.5868321 2.2244061 2.4422092 2.1317078 2.1750753 2.1786596 2.0630802 2.6004894 2.0007013 2.3355807 2.3411920 2.3349912 1.8716773 2.0644362 2.0719322 2.3576976 2.1280865 2.1744184 2.5709339 2.4850534 3.1317123 3.2752715 3.4650549 3.1243927 3.1872851 3.1827820 3.1342896 3.2145748 3.2528809 3.4212944 3.2956431 3.3543248 3.1811035 3.2638653 3.2744381 3.2171926 3.2905516 3.4168621 3.4168621 3.3594696 3.3594696 3.4116195 3.1319317 4.3649370 
KX759619.1  0.7813291 0.7914817 0.7027237 0.0000000 0.3949288 1.0947550 1.0276600 1.0276600 0.8451737 1.0412448 1.0607931 0.8967821 0.9866432 1.0507440 1.0380680 1.9194193 2.3937998 1.9772673 2.4647537 2.0771724 2.0628036 2.0642964 2.0653182 2.0765788 2.0219678 2.0342909 2.0286280 2.0516336 2.0549219 2.0531752 2.0232906 2.1186887 2.0840114 2.0689230 2.1869935 2.1504678 2.1530763 2.1675342 2.1605059 2.1829442 2.1899250 2.1066476 2.1122081 2.2337990 2.2103389 2.2157592 2.2323300 2.2542633 2.2292833 2.2292833 2.2435173 2.2480338 2.2412108 2.2427468 2.2328552 2.2385935 2.2368571 2.2520339 2.2155221 2.2165854 2.2146205 2.2185526 2.2785675 2.2785675 2.2820311 2.2817804 2.2864088 2.2817804 2.2714624 2.0895281 2.1452215 2.1294859 2.1217633 2.1143269 2.1219330 2.1243751 2.0988749 2.1283147 2.1177746 2.1116462 2.1097605 2.1368786 2.1311522 2.1344398 2.1421265 2.1444431 2.1390921 2.1175914 2.1294176 2.1286107 2.1273470 2.1317729 2.1334921 2.1301532 2.1262252 2.1164662 2.1360524 2.1409351 2.1445924 2.1123396 2.1937061 2.1953222 2.1664463 2.1854764 2.1652295 2.1633551 2.1606954 2.0194134 1.9101679 1.9406138 2.2801483 2.1173582 2.1912752 2.1912752 2.2765983 2.1215302 2.1975502 2.1989807 2.1499579 2.3815427 2.5631281 2.2532230 2.2556761 2.3692681 2.3626573 2.3665863 2.3757525 2.2960636 2.2524232 2.2618816 2.3474984 2.2988751 2.3027788 2.2969965 2.2642253 2.3115639 2.3044561 2.2955514 2.2925564 2.3296729 2.3419952 2.3204223 2.2538362 2.2636567 2.2636567 2.2667433 2.2635999 2.2723866 2.2815147 2.3116169 2.2794652 2.2650140 2.2877017 2.2877017 2.2788142 2.2927817 2.2927817 2.3169868 2.3169868 2.3623934 2.3605249 2.3412186 2.3182460 2.3085687 2.3435581 1.1445805 2.2172509 2.1414579 2.0943771 1.7492630 1.8827529 2.2273311 2.0601448 2.2316227 2.0862076 2.2944000 2.0871356 2.1169514 2.2743645 2.1687628 2.2480542 2.3090053 2.2250906 2.3166249 2.1663881 1.9900594 2.5099896 2.1071613 2.2948266 2.2964631 2.2978155 1.9859415 1.9165850 1.9524108 2.2696592 2.1377644 2.1440325 2.2391121 2.2705780 3.0743685 3.0465354 3.1417707 3.0727361 3.1572027 3.1682749 2.9826396 3.1377827 3.0911714 2.9635254 3.3591917 3.4151532 3.2852156 3.3079054 3.1441371 3.1119190 3.1917308 2.9719270 2.9719270 2.8904566 2.8904566 3.2403781 1.9399589 4.5411669 
KX759623.1  0.7957989 0.7769658 0.7656183 0.3949288 0.0000000 1.0934112 1.0617510 1.0618701 0.8617801 1.1085377 1.0929496 0.8639967 0.9659770 1.1369455 1.1313257 1.9875558 2.5154170 1.8018193 2.6620311 2.1888667 2.1640558 2.1630553 2.1709176 2.2180224 2.1255860 2.1274817 2.1279612 2.1282892 2.1311393 2.1295996 2.1660187 2.2206836 2.2388931 2.2369758 2.3106826 2.3341314 2.3144664 2.3165736 2.3183615 2.3183733 2.3225945 2.2234612 2.2255999 2.2942689 2.3357663 2.2696290 2.2877602 2.2896463 2.2794810 2.2800897 2.3040361 2.2895248 2.2864262 2.3027019 2.2940132 2.2988133 2.3002542 2.2718373 2.2751636 2.2760945 2.2743755 2.2778150 2.3118718 2.3000021 2.2861778 2.2774618 2.2749881 2.2761694 2.2744482 2.2616073 2.2887298 2.2735437 2.2422287 2.2408187 2.2478592 2.2981269 2.2577283 2.2552004 2.2269747 2.2473858 2.2702032 2.2946514 2.2883306 2.2812509 2.2965015 2.2945911 2.2916543 2.2719563 2.2714588 2.2845557 2.3088696 2.3092327 2.2901265 2.2996815 2.2842334 2.3070678 2.2911739 2.2940390 2.2818845 2.2533400 2.2990647 2.3390741 2.3262126 2.2324192 2.2349404 2.2332297 2.2577645 2.0435388 2.0515251 1.9751602 2.4445267 2.5660727 2.6064688 2.6064688 2.5548679 2.4846146 2.4642209 2.4655307 2.4744178 2.5277120 2.6772795 2.4867837 2.4805322 2.5233678 2.5206198 2.5229094 2.5340626 2.5073812 2.5253902 2.5383565 2.4976392 2.5185752 2.4951014 2.5126488 2.4846177 2.5302860 2.5089122 2.4501849 2.5719806 2.5042351 2.5170081 2.5309575 2.4710996 2.4969209 2.4969209 2.4915087 2.4968107 2.4973728 2.5185308 2.5382818 2.5564411 2.5343626 2.5132373 2.5132373 2.5194797 2.5543396 2.5543396 2.5150806 2.5150806 2.4819980 2.4122561 2.5187590 2.3981779 2.6538962 2.5650716 1.2905528 2.5046157 2.0817516 2.0580074 1.8108834 1.8792419 2.3882722 2.2619658 2.5627386 2.0639542 2.5550817 2.0867353 2.0097924 2.3439010 2.4853864 2.5368517 2.6424889 2.4081667 2.5117624 2.2420738 2.1358777 2.5509826 2.2202206 2.5351175 2.5288199 2.5280677 2.0587903 2.2273982 2.3039657 2.3498717 2.2833679 2.2559931 2.6326090 2.6998155 3.3082574 3.4261857 3.5884609 3.5584787 3.5219986 3.5174697 3.3908780 3.2630614 3.4138212 3.4292376 3.5847568 3.5306434 3.5665141 3.4357323 3.6701112 3.5305815 3.6520235 3.4477165 3.4533365 3.5086212 3.5120068 3.5529307 1.9444790 4.6458174 
KX759621.1  1.1294067 1.1372788 0.9738775 1.0947550 1.0934112 0.0000000 0.5169757 0.5170368 0.8870248 1.0674987 1.0843320 0.9077964 0.9271887 1.1259583 1.0833379 1.9961827 2.5960340 1.9889313 2.8262820 2.4381890 2.4084627 2.4105927 2.4118110 2.3879427 2.3034876 2.3069645 2.3227541 2.3195560 2.3227064 2.3209981 2.4016035 2.3973307 2.4132950 2.3872805 2.4434799 2.4502263 2.4275159 2.4103251 2.4201320 2.4390100 2.4163666 2.4178184 2.4070542 2.4114181 2.3986103 2.5413883 2.5487724 2.5477013 2.3820354 2.3826568 2.3546130 2.3670605 2.3928914 2.3905802 2.3797750 2.3903659 2.3887953 2.3676671 2.3781215 2.3790991 2.3808715 2.3809018 2.4070663 2.4023065 2.3969138 2.3774454 2.3781266 2.3774454 2.3893118 2.4718177 2.4307369 2.3924813 2.3760812 2.3430130 2.3528946 2.3874005 2.3589332 2.3760328 2.3680952 2.3517886 2.3882885 2.4194353 2.4120477 2.4248228 2.4146605 2.4087220 2.4073789 2.4185402 2.3953294 2.4043575 2.4098593 2.4170506 2.4174410 2.4067398 2.3987211 2.4107475 2.4012161 2.4166212 2.3973510 2.3997840 2.4593030 2.4445158 2.4786291 2.4404754 2.4327371 2.4308423 2.4654017 2.0727764 2.1165626 2.1284159 2.4877074 2.4626079 2.5325239 2.5325239 2.5521191 2.5037326 2.4504411 2.4473998 2.5033416 2.6886637 2.9135147 2.3739454 2.3642733 2.3687290 2.3710178 2.3731701 2.3777440 2.4024656 2.3773121 2.3936987 2.4255859 2.4213152 2.4282001 2.4577823 2.3605419 2.3934324 2.3883946 2.3114234 2.4053591 2.4078922 2.4381162 2.3261997 2.3889945 2.3495005 2.3495005 2.3491944 2.3568406 2.3651476 2.3821130 2.4275208 2.3695197 2.3443610 2.3444281 2.3444281 2.3427761 2.3857601 2.3857601 2.3700808 2.3700808 2.3662137 2.3030159 2.2674582 2.1928764 2.4025903 2.3756400 1.1868637 2.3936070 2.1280417 2.0005367 1.9968336 2.1514595 2.4656943 2.4524563 2.5293832 2.0418530 2.4864520 2.0818959 2.0262293 2.1846861 2.4616276 2.4285346 2.4667816 2.2604972 2.4273719 2.1149041 2.1090345 2.8006472 2.4143779 2.6252979 2.6332156 2.6363054 2.0819299 2.2989319 2.3451631 2.5117312 2.4304783 2.2902958 2.6695968 2.7299023 3.5252021 3.5251831 3.5321564 3.4867771 3.4173861 3.4165631 3.3609586 3.1945181 3.2168275 3.3463898 3.5972057 3.6095976 3.6497812 3.5060184 3.4716339 3.4038565 3.5013404 3.4852403 3.4842426 3.4565228 3.4628710 3.2785403 2.1704103 4.9065989 
KX759622.1  1.1259105 1.1511805 1.0544037 1.0276600 1.0617510 0.5169757 0.0000000 0.0001338 0.9998294 1.1694050 1.1428628 0.9448160 0.9909162 1.1106304 1.1417758 2.0470955 2.7053539 2.0724718 2.8513271 2.2739410 2.2688259 2.2549365 2.2411055 2.3128547 2.2476098 2.2451167 2.2546802 2.2582155 2.2597766 2.2581245 2.2843111 2.3000019 2.3112663 2.3162348 2.3340833 2.2760888 2.3016307 2.2913039 2.3486643 2.3328801 2.3273576 2.2779268 2.2669522 2.3260186 2.2803418 2.5137678 2.5338336 2.4860410 2.4225292 2.4231603 2.4136377 2.4123881 2.4094828 2.4070837 2.4078314 2.4031944 2.4016095 2.3955117 2.4129540 2.4154855 2.4173002 2.4157975 2.3790631 2.3748546 2.3587189 2.3445701 2.3452471 2.3432407 2.3481775 2.4139697 2.3496506 2.3289875 2.3376677 2.3133488 2.3016949 2.3046935 2.3266603 2.3270765 2.3680441 2.3244841 2.3579150 2.3432480 2.3308197 2.3433149 2.3269501 2.3231875 2.3339072 2.3510868 2.3479524 2.3350510 2.3592909 2.3569396 2.3540916 2.3469784 2.3325903 2.3218062 2.3445948 2.3455365 2.3286746 2.3095208 2.3745888 2.3837726 2.3619784 2.4064610 2.3528243 2.3510624 2.3612402 2.1571050 2.1593156 2.1753131 2.4472309 2.3942573 2.4774740 2.4774740 2.4726896 2.5842236 2.4361191 2.4577762 2.4630175 2.5418760 2.8981658 2.4282673 2.4451612 2.5290378 2.5314503 2.5337867 2.5128129 2.4260994 2.4134003 2.4328602 2.4751162 2.4502898 2.4327542 2.4355926 2.3759489 2.4487943 2.4114414 2.3197570 2.4230329 2.4681785 2.4896482 2.4504105 2.4393832 2.4514773 2.4514773 2.4501259 2.4665712 2.4596096 2.4000478 2.4670908 2.4871451 2.4746640 2.5325868 2.5325868 2.4272905 2.5089443 2.5089443 2.5002227 2.5002227 2.4097400 2.3451999 2.3413691 2.2395425 2.5067978 2.4346616 1.1728557 2.4932440 2.1870016 2.0172837 1.9564242 2.0052798 2.4450946 2.3481898 2.4126496 2.0401894 2.5456025 2.1852114 2.1094438 2.1902406 2.4842893 2.3543836 2.5009773 2.1946522 2.5209401 2.2238887 2.1692542 2.7453439 2.4208366 2.5855618 2.5962663 2.5953992 2.1199551 2.2556333 2.3057539 2.6202362 2.3232152 2.2874041 2.6724230 2.6919258 3.3832528 3.4996946 3.5484811 3.6700221 3.4453347 3.4504991 3.4812012 3.2355002 3.2702563 3.2721451 3.5036401 3.6241225 3.6814263 3.3636399 3.3796453 3.3878306 3.4667811 3.3981542 3.3973112 3.3793870 3.3858984 3.3749955 2.0489822 4.5537499 
NC_033776.1 1.1260561 1.1513083 1.0544037 1.0276600 1.0618701 0.5170368 0.0001338 0.0000000 0.9998294 1.1695573 1.1430120 0.9448160 0.9909162 1.1107534 1.1431457 2.0470955 2.7053539 2.0724718 2.8513271 2.2739410 2.2688259 2.2549365 2.2411055 2.3128547 2.2476098 2.2440454 2.2546802 2.2582155 2.2597766 2.2581245 2.2843111 2.3000019 2.3112663 2.3162348 2.3340833 2.2760888 2.3016307 2.2901956 2.3486643 2.3317414 2.3273576 2.2779268 2.2669522 2.3260186 2.2792415 2.5137678 2.5338336 2.4847778 2.4225292 2.4231603 2.4136377 2.4123881 2.4094828 2.4070837 2.4078314 2.4019956 2.4004119 2.3955117 2.4129540 2.4154855 2.4173002 2.4157975 2.3790631 2.3748546 2.3587189 2.3445701 2.3452471 2.3432407 2.3470205 2.4139697 2.3496506 2.3289875 2.3376677 2.3133488 2.3016949 2.3046935 2.3266603 2.3259357 2.3680441 2.3244841 2.3579150 2.3432480 2.3308197 2.3433149 2.3269501 2.3220502 2.3327621 2.3510868 2.3479524 2.3350510 2.3592909 2.3569396 2.3540916 2.3469784 2.3325903 2.3218062 2.3445948 2.3455365 2.3275324 2.3095208 2.3745888 2.3837726 2.3619784 2.4064610 2.3516688 2.3499083 2.3612402 2.1571050 2.1593156 2.1753131 2.4472309 2.3942573 2.4774740 2.4774740 2.4714304 2.5842236 2.4348897 2.4577762 2.4630175 2.5418760 2.8981658 2.4270276 2.4451612 2.5290378 2.5314503 2.5337867 2.5128129 2.4260994 2.4134003 2.4328602 2.4751162 2.4502898 2.4327542 2.4355926 2.3747515 2.4487943 2.4102160 2.3197570 2.4230329 2.4681785 2.4896482 2.4504105 2.4393832 2.4514773 2.4514773 2.4501259 2.4665712 2.4596096 2.4000478 2.4670908 2.4871451 2.4746640 2.5325868 2.5325868 2.4272905 2.5089443 2.5089443 2.5002227 2.5002227 2.4097400 2.3451999 2.3413691 2.2395425 2.5067978 2.4346616 1.1728557 2.4935196 2.1870016 2.0172837 1.9564242 2.0052798 2.4453813 2.3481898 2.4129186 2.0401894 2.5459005 2.1852114 2.1094438 2.1905802 2.4842893 2.3546964 2.5012584 2.1970366 2.5212871 2.2238887 2.1692542 2.7453439 2.4208366 2.5876058 2.5983216 2.5974534 2.1174880 2.2556333 2.3057539 2.6202362 2.3232152 2.2874041 2.6724230 2.6919258 3.3832528 3.4973788 3.5484811 3.6700221 3.4453347 3.4504991 3.4812012 3.2355002 3.2702563 3.2700849 3.5036401 3.6241225 3.6814263 3.3636399 3.3796453 3.3878306 3.4667811 3.3981542 3.3973112 3.3793870 3.3858984 3.3749955 2.0489822 4.5545042 
OQ818347    0.9087083 0.9087083 1.0714396 0.8451737 0.8617801 0.8870248 0.9998294 0.9998294 0.0000000 0.3672580 0.3689248 0.4368156 0.5562720 0.5544708 0.5736941 1.4749869 1.7992326 1.6854417 1.8469802 1.5036560 1.4567373 1.4674977 1.4637563 1.5179699 1.4752203 1.5122803 1.5009916 1.5046241 1.5078922 1.5045741 1.5739599 1.5424318 1.5584737 1.5861197 1.6748521 1.6535475 1.6566376 1.6659601 1.6893550 1.6494457 1.6524706 1.6161226 1.6614734 1.7277659 1.7345039 1.7824808 1.7498160 1.6956496 1.5116377 1.5116377 1.5109236 1.5361836 1.5376458 1.5458443 1.5419842 1.5451726 1.5420382 1.5657863 1.5130007 1.5183704 1.5183704 1.5183704 1.4888755 1.4888755 1.4962208 1.4934475 1.4918703 1.4934475 1.4923927 1.5731591 1.6310014 1.6309768 1.6257948 1.6272039 1.6290069 1.6234079 1.5634389 1.6012055 1.5769707 1.6350252 1.6432116 1.6675045 1.6697349 1.6555252 1.6619220 1.6602443 1.6547994 1.6319253 1.6415109 1.6167166 1.5953143 1.6005914 1.6140255 1.6049661 1.6552754 1.6487512 1.6571047 1.6539024 1.6027444 1.6083798 1.5516940 1.5586252 1.5870930 1.5504057 1.5502371 1.5502371 1.5770311 1.6128304 1.6091976 1.5974552 1.7272775 1.6317124 1.6673814 1.6673814 1.6712907 1.5725482 1.5553310 1.5513833 1.5865500 1.6800157 1.8965467 1.6602657 1.6622294 1.5954478 1.5954478 1.6022684 1.6121347 1.6794589 1.6858814 1.6967361 1.6849206 1.7202251 1.7038179 1.7311655 1.6058881 1.6704669 1.6138761 1.6674681 1.6768852 1.6592167 1.6600676 1.6089912 1.6355286 1.6615719 1.6615719 1.6640924 1.6642301 1.6612944 1.6829607 1.6541090 1.6462851 1.6520502 1.6371708 1.6371708 1.6253063 1.6615285 1.6615285 1.6347139 1.6347139 1.6782653 1.6782653 1.7884821 1.8141321 1.8529650 1.7860768 0.9300724 1.7522501 1.7333305 1.6080726 1.6611982 1.6781415 1.6837710 1.7712574 1.7024756 1.8526774 1.8154533 1.8270001 1.8364949 1.8948780 1.9048881 1.7459788 1.8835006 1.8643333 1.7130177 1.7251301 1.5520168 1.9235321 1.5537511 1.7953234 1.7897229 1.7896646 1.4846462 1.6038293 1.6356542 1.5826068 1.4083642 1.4664557 1.8013712 1.8752292 2.3674350 2.6498949 2.8195578 2.8730049 2.5758094 2.5758094 2.7818813 2.7080905 2.6585720 2.5327836 3.2658033 3.2701062 2.9813633 2.6064577 2.7341110 2.7243903 2.7410829 2.6602597 2.6602597 2.5433923 2.5433923 2.7632243 1.8139924 3.5775674 
PP712001.1  1.1787910 1.1772263 1.1825627 1.0412448 1.1085377 1.0674987 1.1694050 1.1695573 0.3672580 0.0000000 0.2753465 0.4210247 0.5867630 0.5801897 0.6654049 1.8843807 2.4939845 1.7210819 2.5975064 2.1141037 2.0984132 2.1397366 2.1412398 2.1854284 2.0952285 2.1048467 2.1018549 2.1129982 2.1158818 2.1143483 2.1956622 2.2227335 2.2057348 2.1398968 2.1813581 2.1670692 2.1388302 2.1526743 2.1646337 2.1571315 2.1823253 2.1258191 2.1635817 2.1777124 2.1476426 2.3352388 2.3684520 2.3064353 2.2867261 2.2867261 2.2972128 2.3037726 2.2974838 2.2929188 2.2842059 2.3040170 2.3024928 2.2730926 2.2872864 2.2916661 2.2933730 2.2899609 2.2833090 2.2789322 2.2633663 2.2653417 2.2663171 2.2653417 2.2825302 2.3253563 2.2035558 2.1935378 2.1745088 2.1553656 2.1590316 2.1722034 2.1831208 2.1876503 2.2089427 2.1868971 2.1848917 2.2215294 2.2231964 2.2106250 2.2257498 2.2260062 2.2160771 2.1971230 2.1917233 2.1935437 2.2020666 2.2030697 2.1974126 2.2005376 2.2076697 2.2174225 2.2139441 2.2242775 2.2179825 2.2067697 2.3362579 2.3543465 2.3186348 2.2804577 2.2630595 2.2647473 2.2500155 2.0771723 2.0753429 1.9624925 2.4060535 2.4686760 2.4122795 2.4122795 2.4375663 2.4730385 2.4760858 2.4755097 2.4905677 2.5666693 2.8433530 2.3099441 2.3122048 2.3166343 2.3189072 2.3154062 2.3327335 2.3487315 2.3801038 2.3796293 2.4312847 2.3037377 2.3088094 2.3275908 2.3778221 2.3851841 2.3815899 2.2893327 2.3919683 2.3685801 2.3541380 2.3659569 2.3842374 2.3803621 2.3803621 2.3784904 2.3853087 2.3735611 2.3932217 2.3812636 2.3914323 2.4045576 2.3736004 2.3736004 2.3787014 2.3881144 2.3881144 2.3709205 2.3709205 2.3154703 2.2390593 2.3372040 2.2253449 2.4115034 2.4527224 1.2349329 2.4837934 2.1358240 2.0846459 1.8210039 1.9370780 2.4082915 2.3303282 2.4739839 2.0200713 2.4090139 2.0651342 2.0140256 2.4073056 2.4102292 2.4496887 2.6408232 2.2604383 2.4677066 2.2637355 2.0252086 2.7946251 2.2963978 2.5094618 2.5053582 2.5032261 1.9620068 2.1253465 2.1714397 2.2692199 2.1024737 2.3024799 2.5535422 2.6934302 3.5544344 3.5757695 3.4322368 3.6393252 3.4342221 3.4369422 3.4236740 3.1475371 3.4966022 3.3280943 3.4969368 3.4279304 3.4425367 3.3289933 3.4474153 3.3060868 3.2869005 3.3357316 3.3450542 3.3913516 3.3913516 3.2582186 2.0955946 4.7982693 
PP712004.1  1.2000721 1.2246766 1.1710322 1.0607931 1.0929496 1.0843320 1.1428628 1.1430120 0.3689248 0.2753465 0.0000000 0.4393750 0.5705532 0.5756879 0.6724939 1.8688920 2.5708758 1.7480568 2.5687415 2.1645833 2.1350633 2.1469516 2.1426683 2.1303141 2.0838418 2.0959320 2.0968728 2.0971622 2.0986346 2.0971213 2.1687061 2.1413979 2.1448221 2.1554840 2.1554004 2.1205260 2.1224615 2.1082166 2.2008433 2.1901447 2.1918842 2.1360668 2.1586208 2.1989862 2.1622587 2.2904359 2.2794025 2.2237980 2.2373312 2.2373312 2.2442131 2.2734761 2.2613313 2.2689554 2.2629927 2.2705952 2.2691031 2.2476519 2.2493928 2.2503090 2.2519710 2.2520032 2.2615900 2.2537167 2.2402817 2.2388697 2.2398229 2.2388697 2.2234809 2.1748272 2.1612499 2.1858867 2.1504520 2.1505251 2.1494182 2.1556783 2.1414112 2.1248855 2.1582229 2.1354554 2.1796798 2.2028697 2.1961605 2.2010830 2.2130973 2.2032510 2.2063310 2.1817928 2.1662778 2.1739423 2.1912667 2.1853123 2.1781952 2.1819847 2.1917253 2.1922860 2.2015592 2.2137459 2.1622264 2.1903402 2.3226600 2.3169886 2.3425454 2.2082268 2.1888257 2.1904372 2.2016882 2.0391908 2.0759937 1.9633624 2.5010863 2.4709667 2.4690861 2.4690861 2.5147728 2.4456879 2.5461094 2.5454905 2.4604400 2.5860868 2.7991653 2.2365513 2.2493913 2.2837879 2.2830095 2.2825882 2.3032278 2.2468166 2.2778474 2.2824362 2.3220949 2.2801090 2.2830093 2.2980771 2.2316814 2.2489773 2.2570269 2.2402660 2.3395276 2.3144073 2.3047347 2.2821803 2.3320668 2.3261231 2.3261231 2.3255540 2.3357660 2.2882292 2.3124141 2.2777198 2.2820308 2.2723706 2.2845683 2.2845683 2.2665008 2.2973041 2.2973041 2.2476712 2.2476712 2.2098387 2.1533880 2.3121783 2.1508411 2.3851518 2.4785687 1.2412296 2.5191507 2.0836733 2.0673166 1.8571663 1.9673316 2.4393974 2.5001050 2.5090699 2.0506551 2.5597809 2.1284857 2.0927911 2.2955822 2.3566668 2.5422199 2.5178540 2.3307128 2.5131189 2.3165441 2.0387658 2.6757971 2.2097310 2.5822755 2.5699291 2.5673502 1.9846255 2.2269716 2.2921679 2.2613061 2.0797014 2.2487650 2.6245686 2.7320778 3.6096406 3.6194829 3.6885580 3.6587134 3.4060661 3.4053207 3.4252698 3.0865020 3.4189889 3.3445586 3.5923889 3.3678283 3.5738637 3.2585453 3.3063771 3.2622244 3.4730472 3.4868920 3.4945084 3.4644452 3.4791693 3.3142089 2.1162010 4.7678773 
OR951145.1  0.9927186 0.9927186 0.9829442 0.8967821 0.8639967 0.9077964 0.9448160 0.9448160 0.4368156 0.4210247 0.4393750 0.0000000 0.5736327 0.5555964 0.5788704 1.6053521 1.8003228 1.7799190 1.8200024 1.5584384 1.5516037 1.5121410 1.5119291 1.5282923 1.5037674 1.5265843 1.4804264 1.4959190 1.4959190 1.4959190 1.5042693 1.5162325 1.5106506 1.5476295 1.6079751 1.6241460 1.6013880 1.6056667 1.6621485 1.6541383 1.6598006 1.6972986 1.6826110 1.5559073 1.5722951 1.7856164 1.7682936 1.7286834 1.6259690 1.6259690 1.6118869 1.6142698 1.6251641 1.6253915 1.6286973 1.6371222 1.6344803 1.6209096 1.6198505 1.6244276 1.6244276 1.6244276 1.5835029 1.5835029 1.5860512 1.5911805 1.5937429 1.5911805 1.6051213 1.7552498 1.6479170 1.6456297 1.6511599 1.6308248 1.6480615 1.6573393 1.6261693 1.6187869 1.6118568 1.6583280 1.6654100 1.6766856 1.6672449 1.6643522 1.6797138 1.6707376 1.6883142 1.6593234 1.6655200 1.6469016 1.6523293 1.6484756 1.6571076 1.6620056 1.6551229 1.6627611 1.6435561 1.6558367 1.6121554 1.6482066 1.6799324 1.6616653 1.6725580 1.5925521 1.5953609 1.5953609 1.5627062 1.5272754 1.5525736 1.5756896 1.6554542 1.5489348 1.6241176 1.6241176 1.7021797 1.6649864 1.6797902 1.6797902 1.6765009 1.7369693 2.0078328 1.7336766 1.7359495 1.7109763 1.7097327 1.7124574 1.7395808 1.7162853 1.7237101 1.7087610 1.7438218 1.7485876 1.7383210 1.7356039 1.7250951 1.7377632 1.7359329 1.7395944 1.7716714 1.7417286 1.7524503 1.7261429 1.6819276 1.7080556 1.7080556 1.7046447 1.7022133 1.7345709 1.6965348 1.7054900 1.7052999 1.7443106 1.7585375 1.7585375 1.7198326 1.7741095 1.7741095 1.7189826 1.7189826 1.6536884 1.6537315 1.7535020 1.7531279 1.7494041 1.8031612 0.9779940 1.7225599 1.6495791 1.6462974 1.5826489 1.6784912 1.6172574 1.6447906 1.6583558 1.5813443 1.6042891 1.5532759 1.5991394 1.7091859 1.7895331 1.6820100 1.7740362 1.7359514 1.7772708 1.7485708 1.5402109 1.7833187 1.6877219 1.7419398 1.7306719 1.7340734 1.7046404 1.5821818 1.7073392 1.8138185 1.6761410 1.5248786 1.7837846 1.8088709 2.4443881 2.6417659 2.6071875 2.9850610 2.5553285 2.5546789 2.5498567 2.5343680 2.6144859 2.5198159 3.0935453 3.2411118 3.0386209 2.5762138 2.5807255 2.5833871 2.9867562 2.6878106 2.6878106 2.8702579 2.8702579 2.6068232 1.2497353 3.5872188 
PP766470    1.0038397 1.0038397 1.2501891 0.9866432 0.9659770 0.9271887 0.9909162 0.9909162 0.5562720 0.5867630 0.5705532 0.5736327 0.0000000 0.3411606 0.5678596 1.5898772 2.0399972 1.8132368 2.1780458 1.7117935 1.6936263 1.7194718 1.7163712 1.6501400 1.5962292 1.6415102 1.5961776 1.6002237 1.6005420 1.5979314 1.6597320 1.6605257 1.6489234 1.6963035 1.6734412 1.6983410 1.7387176 1.7314726 1.7343381 1.7171882 1.7304540 1.7498426 1.7178858 1.7312604 1.7032857 1.7810287 1.7391354 1.7773432 1.6530595 1.6530595 1.6327006 1.6712607 1.6550893 1.6537543 1.6569893 1.6642172 1.6617227 1.6597851 1.6464207 1.6477233 1.6477233 1.6482283 1.6023713 1.6023713 1.6107529 1.6094540 1.6080727 1.6094540 1.6429639 1.6889500 1.7011118 1.6829374 1.6773069 1.6663859 1.6611392 1.6872204 1.6725652 1.6974344 1.7288785 1.7260299 1.6735151 1.6851049 1.6812523 1.6861001 1.6832096 1.6793089 1.6706367 1.6911471 1.6985226 1.6615375 1.6739424 1.6709754 1.6634266 1.6623351 1.6983926 1.6652575 1.6902596 1.6984572 1.6722728 1.7178337 1.7121041 1.7132452 1.6937243 1.7983448 1.7968956 1.7968956 1.7523318 1.8699338 1.8412927 1.8213194 1.8514363 1.8781198 1.9064599 1.9064599 1.9308416 1.7728822 1.7471788 1.7478700 1.7250537 1.9587053 2.1163520 1.8324759 1.8334497 1.8476607 1.8508968 1.8536774 1.8867769 1.7805086 1.8496590 1.8309108 1.8344957 1.8581624 1.8536820 1.8053677 1.7778009 1.8063714 1.8020954 1.8528130 1.8620227 1.8635312 1.8683228 1.8007684 1.8092324 1.8202390 1.8202390 1.8144349 1.8255320 1.8007749 1.7914400 1.8622426 1.8532272 1.8887648 1.9106813 1.9106813 1.8016637 1.8226375 1.8226375 1.8553851 1.8553851 1.8298123 1.8298560 1.8588134 1.8857019 1.8803957 1.8646032 1.0390529 1.9306473 2.0948179 1.8698946 1.7350015 1.7621466 1.7687667 1.8159666 1.8343973 1.8620283 1.8778791 1.7856102 2.0937784 1.9185153 1.9732461 1.8439359 2.0048344 1.8456516 2.0493082 2.0141316 1.6413913 1.9134988 1.6596186 1.9982009 1.9875265 1.9911232 1.6378091 1.7618120 1.8099842 1.8303337 1.5775672 1.6770876 2.0241137 1.9790136 2.5827635 2.9874027 2.8342159 2.9474771 2.7858742 2.7915932 2.7023428 2.7411594 2.6517004 2.8175947 3.2284182 3.3022904 3.1909170 2.9054075 2.9278601 2.9991466 3.0193145 2.9307718 2.9307718 2.8485864 2.8485864 3.1114714 1.5758680 3.7373882 
PP712015.1  1.1626071 1.1727507 1.1040055 1.0507440 1.1369455 1.1259583 1.1106304 1.1107534 0.5544708 0.5801897 0.5756879 0.5555964 0.3411606 0.0000000 0.6458857 1.8725322 2.6450129 1.9371130 2.7671377 2.3128749 2.2991955 2.3200938 2.3279216 2.2239188 2.1385395 2.1706502 2.1580785 2.1534825 2.1551177 2.1535488 2.2009489 2.2438491 2.2404535 2.2748754 2.2354594 2.2187478 2.1746180 2.1768974 2.2381113 2.2258115 2.2610273 2.2058910 2.1963774 2.2490394 2.2808784 2.1995242 2.2307497 2.2036050 2.2667764 2.2667764 2.2657919 2.2752892 2.2834822 2.2860663 2.2778174 2.3008849 2.3023264 2.2919530 2.2550477 2.2558734 2.2575423 2.2561629 2.2951187 2.2899966 2.2677846 2.2473855 2.2483452 2.2461118 2.2801815 2.2623372 2.1271938 2.1195362 2.1153667 2.0964202 2.1048402 2.1099487 2.1454750 2.1604107 2.1681393 2.1346248 2.1712083 2.1953482 2.1893354 2.1875393 2.1861426 2.1927844 2.1926951 2.1780504 2.1684661 2.1880991 2.1960977 2.1986922 2.1824314 2.1960901 2.1828186 2.1836131 2.1826870 2.1814622 2.1604561 2.1791109 2.2464474 2.2191132 2.2890399 2.3044657 2.2882827 2.2899407 2.2946360 2.2001289 2.1688950 2.0955818 2.4340936 2.4153321 2.4557408 2.4557408 2.4811785 2.5128971 2.5125354 2.5056493 2.4061914 2.5702866 2.6617099 2.3421643 2.3413381 2.3587745 2.3598787 2.3578292 2.3859767 2.3255206 2.3508173 2.3235825 2.3978760 2.3535694 2.3505193 2.3969715 2.4098892 2.4312346 2.3801030 2.3482784 2.4201107 2.3778921 2.3808573 2.4360940 2.4520498 2.4077674 2.4077674 2.4133039 2.4210924 2.4200208 2.4162584 2.4538201 2.3956030 2.3848075 2.4512505 2.4512505 2.3801724 2.4015434 2.4015434 2.3629634 2.3629634 2.3334065 2.2876010 2.3836464 2.2090500 2.5038744 2.4798033 1.2507544 2.3834651 2.1150273 2.0672696 1.7670950 1.9519617 2.4157697 2.3577056 2.4031771 2.0876502 2.5565096 2.1668580 2.1140232 2.2983793 2.3883780 2.4782430 2.5039050 2.2876101 2.5276835 2.3221341 2.0803547 2.6794840 2.2405197 2.5058608 2.5124538 2.5076982 1.9668452 2.2073210 2.3017293 2.2895612 2.2430308 2.2569952 2.7866354 2.7398574 3.4420050 3.6717004 3.4709759 3.5457588 3.5416069 3.5420899 3.4287939 3.2525188 3.3720229 3.5221060 3.5887240 3.5120701 3.4568123 3.3357559 3.3305220 3.2732601 3.3801440 3.4157869 3.4215203 3.3108176 3.3122968 3.4620939 2.1185746 4.5723602 
OP963623.1  1.1457093 1.1683115 1.0506019 1.0380680 1.1313257 1.0833379 1.1417758 1.1431457 0.5736941 0.6654049 0.6724939 0.5788704 0.5678596 0.6458857 0.0000000 1.8584358 2.5155277 1.7793906 2.6831939 2.3022136 2.2617447 2.2708363 2.2719834 2.1799145 2.1005141 2.1368917 2.1107910 2.1179337 2.1181407 2.1165967 2.1693743 2.2463170 2.2242275 2.1435226 2.2695827 2.2710404 2.2183954 2.2313638 2.2663031 2.2517942 2.2379766 2.1954211 2.2059503 2.2897123 2.2988136 2.4202401 2.3827987 2.3777283 2.2432043 2.2432043 2.2441552 2.2456071 2.2380839 2.2425652 2.2341953 2.2558542 2.2543652 2.2608822 2.2308714 2.2316909 2.2300008 2.2319791 2.2352189 2.2280611 2.2118582 2.1948717 2.1911853 2.1936181 2.2154391 2.2683089 2.2498859 2.2322090 2.2283066 2.2334762 2.2258628 2.2219441 2.2488520 2.2393767 2.2519681 2.2159189 2.2606928 2.2708623 2.2776206 2.2835104 2.2895091 2.2906581 2.2996998 2.2714200 2.2771973 2.2561728 2.2526127 2.2632756 2.2517743 2.2676364 2.2615476 2.2612308 2.2629880 2.2705297 2.2884622 2.2583605 2.2733897 2.3023606 2.2989773 2.3137599 2.3054905 2.3071738 2.2963926 2.1911992 2.1552559 2.1662150 2.4394934 2.3792155 2.4182532 2.4182532 2.5079982 2.3730385 2.4599397 2.4541845 2.3668409 2.4800852 2.6586828 2.3302017 2.3175187 2.3791572 2.3768800 2.3766355 2.3752308 2.3643547 2.3630328 2.3574916 2.3437341 2.3440368 2.3411044 2.3962122 2.3399433 2.3465572 2.3065878 2.2421362 2.3648222 2.2826367 2.3050741 2.3681216 2.3405719 2.3349324 2.3349324 2.3319611 2.3428122 2.3390537 2.3946363 2.3290742 2.4062767 2.3883014 2.3665817 2.3665817 2.3009597 2.4146229 2.4146229 2.3244360 2.3244360 2.2703195 2.2037630 2.3604392 2.2268171 2.4599282 2.4944046 1.2481802 2.5339713 2.0268620 2.0423884 1.8541469 1.8665681 2.2632943 2.3316415 2.4817847 2.1757204 2.5883939 2.1306612 2.0115394 2.3214708 2.3659921 2.5056862 2.6316088 2.3763595 2.4302129 2.1938741 2.1782127 2.6580399 2.2797066 2.5906478 2.5986622 2.5983183 1.9919396 2.1770322 2.1924117 2.3712994 2.2484363 2.3633857 2.6664369 2.7042913 3.4240199 3.6387398 3.6648694 3.5688825 3.3524664 3.3578492 3.2283912 3.0645713 3.1703388 3.3448745 3.5080326 3.4404144 3.4915448 3.3494985 3.3989866 3.4287590 3.3173560 3.3738867 3.3767035 3.4039424 3.4081350 3.4620893 2.1529921 4.6948413 
PP712008.1  1.9678772 1.9639336 2.0555815 1.9194193 1.9875558 1.9961827 2.0470955 2.0470955 1.4749869 1.8843807 1.8688920 1.6053521 1.5898772 1.8725322 1.8584358 0.0000000 3.0405555 2.1803584 3.0826493 2.7302243 2.7174949 2.7246833 2.7361894 2.5975171 2.6122802 2.5897305 2.5906232 2.5960529 2.5942508 2.5942508 2.5834824 2.7048801 2.7122178 2.7178505 2.8625342 2.8108841 2.8927862 2.8811543 2.7559634 2.7302452 2.7474835 2.8350824 2.8666599 2.8010888 2.8694262 2.6548401 2.7397963 2.7046023 2.7047450 2.7066474 2.6789776 2.7367317 2.7192287 2.7018262 2.6919797 2.6993613 2.6974541 2.7086548 2.6810334 2.6866062 2.6862960 2.6844339 2.6767163 2.6731170 2.6723885 2.6740119 2.6753081 2.6740119 2.6488237 2.5649315 2.6298988 2.6215483 2.6141461 2.6092221 2.6028488 2.6233748 2.6050662 2.6473341 2.6529021 2.6247031 2.5895542 2.6476163 2.6385439 2.6344139 2.6339372 2.6557701 2.6375902 2.6364293 2.6403529 2.6356232 2.6495465 2.6521397 2.6405470 2.6559772 2.6511355 2.6254990 2.6564241 2.6253221 2.6186115 2.6533553 2.7062479 2.7033165 2.7112889 2.7143435 2.7086761 2.7064581 2.7368218 2.3726618 2.4208253 2.3868543 2.8453939 2.8947584 2.9186405 2.9186405 2.8605370 2.7312846 2.8062531 2.8063894 2.7831348 3.0057179 2.8940349 2.7605516 2.7681949 2.7565067 2.7536178 2.7556207 2.7806788 2.8896769 2.8661854 2.8682864 2.8447675 2.8129496 2.7537446 2.8104368 2.7149410 2.8074732 2.7738899 2.6095930 2.7434200 2.7998709 2.8068889 2.7799848 2.8275384 2.8295899 2.8295899 2.8360200 2.8439307 2.8216053 2.8217007 2.7886808 2.8526075 2.7744719 2.8333354 2.8333354 2.7593871 2.8433425 2.8433425 2.7472388 2.7472388 2.7482522 2.6544722 2.5403305 2.5165552 2.7183268 2.7264888 2.2181156 3.1559293 2.5334983 2.4219715 2.2798305 2.4187274 2.9002623 2.8085409 2.8713215 2.4835269 2.9135785 2.5306489 2.4250999 2.6771504 2.9531974 3.0843376 3.1674857 2.7936144 3.2783242 2.9707441 2.4026736 2.9166829 2.7572098 3.0385002 3.0369038 3.0298097 2.4264053 2.5778240 2.6545091 1.2823900 1.5154948 1.8362248 3.1176674 3.0805844 3.5937122 3.3937639 3.4137829 3.5158586 3.7018620 3.6901075 3.7070017 3.4942507 3.5867801 3.5492792 3.5839795 3.4789079 3.5425074 3.5867136 3.5231517 3.5161048 3.4791729 3.4969040 3.5044905 3.4054708 3.4079779 3.4231258 2.4422233 4.6694883 
OR951128.1  2.2542108 2.6196520 2.4743953 2.3937998 2.5154170 2.5960340 2.7053539 2.7053539 1.7992326 2.4939845 2.5708758 1.8003228 2.0399972 2.6450129 2.5155277 3.0405555 0.0000000 0.0139494 0.2017564 1.3721718 1.3840353 1.3880110 1.3965931 1.7062096 1.7213635 1.7335168 1.7504826 1.7524732 1.7540864 1.7524259 1.7250198 1.7032725 1.7156607 1.6717917 1.8345788 1.8150407 1.8612983 1.8946428 1.7914567 1.8006421 1.7898507 1.8023517 1.8433474 1.8746342 1.8355883 2.2677853 2.3022850 2.2600085 2.1372943 2.1372943 2.1481632 2.1431036 2.1525458 2.1597676 2.1523381 2.1426097 2.1444344 2.1500799 2.1344115 2.1313747 2.1313747 2.1335501 2.1508915 2.1508915 2.1528161 2.1501710 2.1532351 2.1501710 2.1370103 2.3271490 2.2315670 2.2524217 2.2191159 2.2054118 2.2239171 2.2443765 2.2935619 2.3082993 2.2985948 2.3182235 2.2507491 2.2791281 2.2827857 2.2868732 2.2908872 2.2901461 2.2718546 2.2626162 2.2669754 2.2564517 2.2720387 2.2779982 2.2777447 2.2729922 2.2628405 2.2830615 2.2854655 2.2873160 2.3091148 2.2886838 2.1960335 2.1743586 2.2652490 2.0329350 2.0123164 2.0086541 1.9911249 1.1086914 1.1505760 0.9537972 2.3385549 2.4006251 2.5109920 2.5109920 2.4732495 2.5031460 2.5128799 2.5120615 2.3499646 2.4682869 2.7708484 2.5542573 2.5479449 2.5034821 2.5057445 2.5058414 2.5070993 2.4781326 2.4748229 2.4980384 2.4995153 2.4412665 2.3699952 2.4827696 2.4931219 2.5102634 2.4664734 2.3609515 2.5295829 2.4854678 2.4895477 2.4718181 2.4736835 2.4986555 2.4986555 2.4966707 2.4982013 2.4874384 2.4685260 2.5211782 2.4696330 2.4868797 2.5058922 2.5058922 2.5071101 2.4859823 2.4859823 2.5560190 2.5560190 2.4743357 2.4214409 2.2873929 2.1084939 2.4824063 2.4239081 2.4083770 2.5571474 2.0393911 1.9333244 2.0496367 1.9876400 2.3791385 2.5907766 2.4540333 2.1027593 2.3459983 2.1259185 2.2336303 2.0027146 2.4194430 2.6218549 2.5378668 2.1626035 2.4046923 2.2753513 2.5191481 2.8610204 2.3152625 2.1258088 2.1359212 2.1308714 1.3584906 1.8756998 1.8993860 2.6966799 2.7711697 2.4690631 2.5311855 2.4666774 3.0287391 3.3156561 3.3654505 3.2842629 3.4487115 3.4583287 3.4516533 3.2075056 3.5661031 3.6224910 3.7702914 3.5303608 3.7597980 3.9538608 3.7799953 3.7519449 3.8850728 3.5570907 3.5620046 3.6301286 3.6384796 3.4884963 1.9304417 4.8555637 
