182
DQ028632.1  0.0000000 0.0518821 0.0572988 0.0613330 0.1269865 0.1246419 0.1275762 0.5358397 0.5358397 0.5581108 0.5906374 0.5318912 0.5403886 0.5403886 0.5282986 0.5412063 0.5350749 0.5417476 0.5319314 0.5431300 0.5579866 0.5465939 0.5498006 0.5453991 0.5408137 0.5407645 0.5783205 0.5645439 0.5957095 0.5904579 0.5895179 0.5724181 0.5692288 0.5996718 0.5938154 0.5970823 0.5708724 0.6129248 0.5938414 0.5966068 0.5918721 0.5961005 0.6015121 0.5970538 0.5937516 0.5696648 0.5708863 0.4524624 0.5779097 0.6038007 0.4636232 0.5749198 0.5194758 0.5987165 0.5490141 0.7007333 0.7027719 0.8239989 0.7786953 0.7291657 0.7031037 0.8051844 0.8039895 0.7940424 0.4857806 0.5255188 0.5359745 0.7582417 0.7619640 1.4957645 0.7623252 0.8021591 0.9262804 1.7714622 1.7714622 1.7672094 1.8495410 1.7551916 1.8148555 1.7953195 1.8101921 1.7869726 1.7908619 1.7671999 1.7820890 1.7788621 1.7707426 1.8135489 1.8589699 1.7823826 1.7612781 1.8051578 1.7695932 1.7695932 1.8114028 1.8193442 1.7981733 1.7991907 1.8260343 1.8737829 1.7799650 1.7799650 1.8355331 1.8046475 1.8368990 1.7890581 1.7929778 1.7835735 1.7866452 1.8029948 1.7633253 1.7709816 1.7995190 1.8253031 1.8171216 1.8332476 1.8247110 1.8472037 1.7767455 1.7591956 1.8353870 1.8208707 1.8295518 1.7472215 1.7922325 1.8639001 1.7996906 1.7954977 1.8154518 1.8034686 1.8691588 1.8434169 1.7847393 1.8016073 1.8556863 1.8452291 1.7341435 1.8630993 1.8528505 1.8589916 1.8660567 1.8784336 1.8698590 1.8649079 1.8862542 1.8796830 1.8693701 1.8563121 1.8885238 1.8906224 1.8977542 1.8754434 1.8415049 1.8812736 1.8418051 1.8770834 1.8368539 1.8709750 1.8774256 1.8586196 1.8490716 2.5330900 2.6966919 2.4893228 2.4191352 2.3644786 2.3946923 2.4094701 2.4896131 2.6258030 2.3533362 2.9819884 2.7436205 2.9083182 2.7513662 2.7569050 2.8776454 3.1630090 3.1454574 3.0199804 7.2040306 5.5550532 
FJ890523.1  0.0518821 0.0000000 0.0260215 0.0380961 0.1195555 0.1176668 0.1207601 0.5275048 0.5275048 0.5653533 0.5962476 0.5214260 0.5367632 0.5367632 0.5305634 0.5411332 0.5354485 0.5395155 0.5322733 0.5475214 0.5589719 0.5487513 0.5502565 0.5372859 0.5380067 0.5379575 0.5759934 0.5572951 0.5789346 0.5693639 0.5783038 0.5664685 0.5611295 0.5944032 0.5829788 0.5895099 0.5662176 0.6066906 0.6061966 0.6046916 0.6016168 0.6085018 0.6143771 0.6046361 0.6021549 0.5824735 0.5868634 0.4566060 0.5811363 0.6084528 0.4745431 0.5777739 0.5249167 0.5965152 0.5511231 0.6926832 0.6948396 0.8228416 0.7751210 0.7256937 0.6993494 0.7982907 0.7969654 0.7920345 0.4868917 0.5318536 0.5420675 0.7726123 0.7787978 1.4343001 0.7741413 0.8422242 0.9185176 1.7669771 1.7669771 1.7779768 1.8409413 1.7638603 1.7954287 1.7579401 1.8089969 1.7779214 1.7627007 1.7649345 1.7799903 1.7698275 1.7665394 1.7993948 1.8620550 1.7641545 1.7729708 1.8031016 1.7904377 1.7904377 1.8066780 1.8103620 1.7836184 1.8138504 1.8234181 1.8642429 1.7934759 1.7934759 1.8298958 1.8093784 1.8296975 1.8194536 1.7902277 1.7970913 1.8143509 1.8053905 1.7609033 1.7493107 1.7834614 1.8042992 1.7860178 1.7923222 1.7895514 1.8154904 1.7837546 1.7665432 1.8223662 1.7959717 1.8125832 1.7634947 1.7943771 1.8579689 1.7911930 1.7886244 1.8111454 1.8089209 1.8547907 1.8282473 1.8111263 1.8038953 1.8360310 1.8341653 1.7406870 1.8957081 1.8695605 1.8640392 1.9034236 1.8885650 1.8716492 1.8679714 1.8818098 1.8737917 1.8573422 1.8625541 1.8851616 1.8863405 1.8874535 1.8843014 1.8381312 1.8798971 1.8486655 1.8700876 1.8426030 1.8621683 1.8906409 1.8490446 1.8339532 2.5051262 2.6628770 2.4759895 2.4033370 2.3228042 2.3509465 2.3394119 2.4302629 2.6050476 2.3846354 2.9789182 2.7425679 2.8694249 2.6997824 2.7027971 2.9247255 3.1953545 3.2144952 2.9590378 7.1776357 5.5731606 
MT766372.1  0.0572988 0.0260215 0.0000000 0.0384287 0.1229318 0.1202990 0.1221785 0.5276966 0.5276966 0.5557787 0.5935923 0.5218988 0.5395325 0.5395325 0.5359616 0.5455038 0.5359569 0.5427762 0.5393675 0.5522594 0.5563913 0.5442559 0.5478791 0.5380733 0.5391358 0.5390865 0.5757752 0.5609212 0.5826866 0.5710406 0.5776073 0.5665672 0.5621050 0.5911420 0.5801543 0.5915010 0.5670303 0.6011700 0.6053288 0.6070357 0.6033870 0.6091691 0.6161179 0.6032482 0.6013110 0.5804325 0.5859588 0.4561183 0.5847957 0.6093078 0.4679107 0.5703985 0.5197725 0.5918956 0.5448209 0.6947954 0.6968592 0.8269200 0.7773367 0.7320804 0.6925373 0.7967854 0.7926433 0.7856028 0.4842185 0.5256100 0.5336626 0.7709537 0.7777102 1.4426050 0.7739213 0.8210312 0.9198154 1.7822140 1.7822140 1.7978437 1.8589206 1.7931686 1.8162847 1.7701070 1.8165417 1.7775438 1.8043006 1.7796874 1.7987036 1.7827863 1.7677826 1.8222007 1.8808006 1.7817327 1.8020724 1.8364122 1.8075496 1.8075496 1.8230977 1.8323039 1.8120461 1.8171180 1.8562095 1.9021580 1.8047980 1.8047980 1.8491221 1.8299771 1.8689713 1.8191949 1.8259164 1.8113896 1.8275579 1.8086807 1.7707001 1.7555753 1.8197490 1.8317197 1.8293716 1.8416564 1.8352217 1.8620820 1.8198069 1.7891654 1.8421023 1.8213160 1.8283783 1.7690765 1.8000729 1.8550116 1.8171408 1.8172815 1.8314681 1.8184437 1.8761889 1.8553641 1.8180570 1.8207320 1.8605203 1.8435185 1.7491281 1.9063946 1.8908283 1.8968019 1.9171480 1.9128817 1.8867413 1.8843864 1.8920619 1.8837542 1.8641170 1.8777969 1.9143907 1.9006926 1.8990007 1.8984362 1.8478872 1.8940051 1.8719333 1.8906611 1.8425528 1.8920841 1.9035275 1.8625758 1.8482821 2.5178980 2.7001802 2.4790675 2.4040097 2.3351764 2.3455217 2.3604451 2.4570796 2.6079839 2.3753715 2.9826840 2.7740338 2.8924371 2.7293707 2.7193901 2.9243515 3.2264923 3.2679312 2.9799884 7.2124728 5.6638377 
OP255993.1  0.0613330 0.0380961 0.0384287 0.0000000 0.1237439 0.1212823 0.1207164 0.5314979 0.5314979 0.5607609 0.5998151 0.5180209 0.5306348 0.5306348 0.5240013 0.5371176 0.5285864 0.5346378 0.5288978 0.5426287 0.5555852 0.5438628 0.5438620 0.5349806 0.5339453 0.5338962 0.5663845 0.5533366 0.5752485 0.5641801 0.5733832 0.5658140 0.5533282 0.5880140 0.5753498 0.5821345 0.5607426 0.6009149 0.6026407 0.6044139 0.6019249 0.6069883 0.6117587 0.6015317 0.6016928 0.5746627 0.5804987 0.4523003 0.5813689 0.6114456 0.4596722 0.5683033 0.5291887 0.5941793 0.5518389 0.6984342 0.6993556 0.8302479 0.7833983 0.7279641 0.7055391 0.8041354 0.7994386 0.7897383 0.4881500 0.5309249 0.5404235 0.7723856 0.7787482 1.4473561 0.7731165 0.8228478 0.9141128 1.7918876 1.7918876 1.8005165 1.8489279 1.7671600 1.8121873 1.7937204 1.8085379 1.7856839 1.7955917 1.7744436 1.7971497 1.8090646 1.7796498 1.8144736 1.8746699 1.7840928 1.7894468 1.8338756 1.8008992 1.8008992 1.8239329 1.8317998 1.8098402 1.8178509 1.8410714 1.8803373 1.8090777 1.8090777 1.8324531 1.8249095 1.8348597 1.8329519 1.8081121 1.8172787 1.8238140 1.8211976 1.7752893 1.7745165 1.8127991 1.8222401 1.8043983 1.8025609 1.8069304 1.8326721 1.8069819 1.7859905 1.8541056 1.8316593 1.8599208 1.8043122 1.8090093 1.8546715 1.7923686 1.8265238 1.8373268 1.8046310 1.8620180 1.8420817 1.8196748 1.7969494 1.8383819 1.8247453 1.7533381 1.9037901 1.8834168 1.8896327 1.9102037 1.9128408 1.9068719 1.9044338 1.9197510 1.9044002 1.8854755 1.8872816 1.9262101 1.9246464 1.9171110 1.9130662 1.8741787 1.9261038 1.8907096 1.8981122 1.8754431 1.9151560 1.9361946 1.8587218 1.8570272 2.4973756 2.6713110 2.4655911 2.4120597 2.3346242 2.3632426 2.3621553 2.4362399 2.5849220 2.3682831 2.9974109 2.7334877 2.8681361 2.7043845 2.7131719 2.9076861 3.2313646 3.2202409 2.9922535 7.1763662 5.6000248 
NC_001918.1 0.1269865 0.1195555 0.1229318 0.1237439 0.0000000 0.0024669 0.0556123 0.5485697 0.5485697 0.5702607 0.6175705 0.5371479 0.5630811 0.5630811 0.5547400 0.5604215 0.5484704 0.5573878 0.5512031 0.5596787 0.5735880 0.5647086 0.5636824 0.5559789 0.5568135 0.5580698 0.5876292 0.5719021 0.5986901 0.5920764 0.5884930 0.5848899 0.5754610 0.6167126 0.6084626 0.6169680 0.5984242 0.6061881 0.6059369 0.6065247 0.6025657 0.6100019 0.6210764 0.6057371 0.6003393 0.5768046 0.5819523 0.4442427 0.5876827 0.6029196 0.4614525 0.5768020 0.5256220 0.6140170 0.5580865 0.7156468 0.7173287 0.8530949 0.8003461 0.7498481 0.7133638 0.8198454 0.8148510 0.8035932 0.4779507 0.5219145 0.5319009 0.7723698 0.7790227 1.4447626 0.7741381 0.7859555 0.9345641 1.8181213 1.8181213 1.8210023 1.8535609 1.7926320 1.8411205 1.8250612 1.8057331 1.8051731 1.8167487 1.8019507 1.8197255 1.7870321 1.8186741 1.8145622 1.8108088 1.7896348 1.8146363 1.8226134 1.8012880 1.8012880 1.8055083 1.8386878 1.8132935 1.8098978 1.8344407 1.8807544 1.7986471 1.7986471 1.8529699 1.8255961 1.8221700 1.8582236 1.8275284 1.8255105 1.8408568 1.8074300 1.8070187 1.8070922 1.8335654 1.8388448 1.8418804 1.8493959 1.8277577 1.8514457 1.8168137 1.8148735 1.8672564 1.8625091 1.8269724 1.7868337 1.8288925 1.8584672 1.7790079 1.8282044 1.8274735 1.8408401 1.9077061 1.8330222 1.8005119 1.8046334 1.8386445 1.8306960 1.7728882 1.9143863 1.9061415 1.8952905 1.9212745 1.9392390 1.9032816 1.8974183 1.9072211 1.8949679 1.8948724 1.9090643 1.9025098 1.9262110 1.9181360 1.9246285 1.9014221 1.9117853 1.9118476 1.9245173 1.8639188 1.9228750 1.9121839 1.8555543 1.8486277 2.4568392 2.6205333 2.4412063 2.3487231 2.3075566 2.3440579 2.3295763 2.4134766 2.5996393 2.3757576 2.9746876 2.6934173 2.8933789 2.7566288 2.7654708 2.8883556 3.1928480 3.2208793 3.0037581 7.0033835 5.3734350 
NC_074775.1 0.1246419 0.1176668 0.1202990 0.1212823 0.0024669 0.0000000 0.0536128 0.5443865 0.5443865 0.5667470 0.6143190 0.5325815 0.5587514 0.5587514 0.5504467 0.5561032 0.5435190 0.5530426 0.5473165 0.5549973 0.5687262 0.5612119 0.5597322 0.5513021 0.5532957 0.5545476 0.5839393 0.5679028 0.5961782 0.5883678 0.5847691 0.5786495 0.5693196 0.6124539 0.6059014 0.6137580 0.5943460 0.6031590 0.6027091 0.6032972 0.5993574 0.6067417 0.6180983 0.6024939 0.5971394 0.5739273 0.5790583 0.4401217 0.5838083 0.5990545 0.4568590 0.5731283 0.5227232 0.6109993 0.5561482 0.7130322 0.7147313 0.8481151 0.7960038 0.7470160 0.7107050 0.8154869 0.8112215 0.7992286 0.4719356 0.5178482 0.5281267 0.7683921 0.7745312 1.4299758 0.7691996 0.7818770 0.9278041 1.7862573 1.7862573 1.7864986 1.8387108 1.7552803 1.8060169 1.7902973 1.7752626 1.7722724 1.7811473 1.7916508 1.8056485 1.7495379 1.7933864 1.7948679 1.7965185 1.7790153 1.7776991 1.7871928 1.7675726 1.7675726 1.7721002 1.8051181 1.7775766 1.7765763 1.7945942 1.8536950 1.7670021 1.7670021 1.8211793 1.7929731 1.8011983 1.8251986 1.7926545 1.7919012 1.8031814 1.7733178 1.7729975 1.7706854 1.8022174 1.8183098 1.8090377 1.8163968 1.7970776 1.8207951 1.7800253 1.7803116 1.8341431 1.8432150 1.8203933 1.7507228 1.7963769 1.8451827 1.7651475 1.7934709 1.7916960 1.8023152 1.8768094 1.8203980 1.7729263 1.7984018 1.8297058 1.8218173 1.7616208 1.8783301 1.8932041 1.8860538 1.9082251 1.9063245 1.8903983 1.8845380 1.8942614 1.8833182 1.8869331 1.8985627 1.8970131 1.9156113 1.9075994 1.9152813 1.8934616 1.9000045 1.9000265 1.9126035 1.8508067 1.9110355 1.9004480 1.8487079 1.8393829 2.4432227 2.6017489 2.4124556 2.3247560 2.2858537 2.3186564 2.3044055 2.4030480 2.5733259 2.3737747 2.9681632 2.6891022 2.8847624 2.7469947 2.7560791 2.8737034 3.1923384 3.2194342 2.9776630 6.9487382 5.3369131 
OQ121963.1  0.1275762 0.1207601 0.1221785 0.1207164 0.0556123 0.0536128 0.0000000 0.5368204 0.5368204 0.5640277 0.5985108 0.5226911 0.5440978 0.5440978 0.5410907 0.5424666 0.5315407 0.5370974 0.5375732 0.5435322 0.5626244 0.5508640 0.5521835 0.5412370 0.5402789 0.5415121 0.5667441 0.5542313 0.5822341 0.5713032 0.5750429 0.5759611 0.5669800 0.5931592 0.5809401 0.5917548 0.5797033 0.5891909 0.5982676 0.6011365 0.5985523 0.6065544 0.6157324 0.5989181 0.5974603 0.5723895 0.5775064 0.4367147 0.5692805 0.5828519 0.4531502 0.5522982 0.5188832 0.5919264 0.5467489 0.6924149 0.6953556 0.8256394 0.7686718 0.7306229 0.6971637 0.8003754 0.7941064 0.7858087 0.4733148 0.5131809 0.5214516 0.7631334 0.7614395 1.4810074 0.7614900 0.7924091 0.9332618 1.8275462 1.8275462 1.8322672 1.8458778 1.8052597 1.8547408 1.8326840 1.8451104 1.8292546 1.8438227 1.8187131 1.8122732 1.8233531 1.8300540 1.8395655 1.8329635 1.8070805 1.8216261 1.8473573 1.8279491 1.8279491 1.8325107 1.8508466 1.8171079 1.8305139 1.8490323 1.9139285 1.8181095 1.8181095 1.8769518 1.8474570 1.8535893 1.8296958 1.8283615 1.8251458 1.8495795 1.8297446 1.8238750 1.7887111 1.8571365 1.8505323 1.8603531 1.8534317 1.8363676 1.8619638 1.8184324 1.8396616 1.8585084 1.8628747 1.8364859 1.7770348 1.8503043 1.8840088 1.8025322 1.8159395 1.8242421 1.8396415 1.8983655 1.8218697 1.7723462 1.8041484 1.8246349 1.8118602 1.7592892 1.8641806 1.8739016 1.8836155 1.8747606 1.9379986 1.8626800 1.8584625 1.8701596 1.8674065 1.8628072 1.8669874 1.8858395 1.8788975 1.8940505 1.8618006 1.8463959 1.8754087 1.8866760 1.9066220 1.8204565 1.8787867 1.9003880 1.8289093 1.8167496 2.4280403 2.5884818 2.4074030 2.3180797 2.2785604 2.2957908 2.2813421 2.3686139 2.5725516 2.3680576 2.9700534 2.7339309 2.9377012 2.7953436 2.7936886 2.9308181 3.1896412 3.2103652 2.9758937 7.0677976 5.4791743 
JF755427.1  0.5358397 0.5275048 0.5276966 0.5314979 0.5485697 0.5443865 0.5368204 0.0000000 0.0000010 0.2153915 0.2398661 0.4118928 0.4124230 0.4124230 0.4187172 0.4260371 0.4192011 0.4126257 0.4278938 0.4300976 0.4316774 0.4230111 0.4264947 0.4265421 0.4234717 0.4234285 0.4768586 0.4795962 0.4979323 0.4907361 0.4957592 0.4921780 0.4834333 0.5003271 0.4962412 0.5163327 0.5020934 0.5075577 0.4986685 0.5039714 0.5016765 0.5042965 0.5159592 0.4972476 0.5028440 0.4842126 0.4863041 0.4386437 0.5115798 0.5235369 0.4249964 0.4990206 0.4884144 0.5181683 0.4857293 0.6110616 0.6118991 0.6983577 0.6658243 0.6247757 0.6047963 0.6856131 0.6846048 0.6704521 0.3740207 0.4108445 0.4151742 0.7565448 0.7474791 1.3820926 0.7555003 0.7256512 0.9072817 1.8749768 1.8749768 1.8953051 1.9046678 1.8719797 1.8857300 1.8546556 1.9245530 1.9237973 1.8818632 1.8955934 1.8501424 1.8818832 1.9304803 1.9008190 1.8795906 1.8523545 1.8283912 1.8935813 1.8547034 1.8547034 1.8900060 1.9044399 1.8773105 1.9006106 1.9014382 1.9112299 1.8937935 1.8937935 1.9090842 1.8567360 1.9162001 1.9057257 1.8750897 1.9081458 1.9028185 1.8903560 1.8655647 1.8777071 1.8517264 1.8742173 1.8947852 1.8893604 1.8775217 1.8848462 1.9234269 1.8724106 1.9049775 1.8647670 1.8699510 1.8199610 1.9468065 1.8944543 1.8679436 1.8670683 1.8428030 1.8655372 1.9103540 1.8829170 1.8525159 1.8905099 1.9125405 1.8843913 1.7601774 1.8767670 1.8482075 1.8326813 1.8532767 1.9008561 1.8526438 1.8441926 1.8669414 1.8623143 1.8420360 1.8239071 1.8389979 1.8408182 1.8041970 1.8406981 1.8424795 1.8535444 1.8639801 1.8473692 1.8327883 1.8203878 1.8521993 1.8166573 1.8195213 2.3891445 2.5326309 2.3863284 2.2988899 2.3186485 2.3504764 2.3339184 2.4900968 2.4659056 2.4077322 3.0342261 2.7087780 2.8765388 2.7262987 2.7049229 2.9458042 3.2269084 3.3008807 2.9773584 7.2752015 5.7783644 
NC_015936.1 0.5358397 0.5275048 0.5276966 0.5314979 0.5485697 0.5443865 0.5368204 0.0000010 0.0000000 0.2153915 0.2398661 0.4118928 0.4124230 0.4124230 0.4187172 0.4260371 0.4192011 0.4126257 0.4278938 0.4300976 0.4316774 0.4230111 0.4264947 0.4265421 0.4234717 0.4234285 0.4768586 0.4795962 0.4979323 0.4907361 0.4957592 0.4921780 0.4834333 0.5003271 0.4962412 0.5163327 0.5020934 0.5075577 0.4986685 0.5039714 0.5016765 0.5042965 0.5159592 0.4972476 0.5028440 0.4842126 0.4863041 0.4386437 0.5115798 0.5235369 0.4249964 0.4990206 0.4884144 0.5181683 0.4857293 0.6110616 0.6118991 0.6983577 0.6658243 0.6247757 0.6047963 0.6856131 0.6846048 0.6704521 0.3740207 0.4108445 0.4151742 0.7565448 0.7474791 1.3820926 0.7555003 0.7256512 0.9072817 1.8749768 1.8749768 1.8953051 1.9046678 1.8719797 1.8857300 1.8546556 1.9245530 1.9237973 1.8818632 1.8955934 1.8501424 1.8818832 1.9304803 1.9008190 1.8795906 1.8523545 1.8283912 1.8935813 1.8547034 1.8547034 1.8900060 1.9044399 1.8773105 1.9006106 1.9014382 1.9112299 1.8937935 1.8937935 1.9090842 1.8567360 1.9162001 1.9057257 1.8750897 1.9081458 1.9028185 1.8903560 1.8655647 1.8777071 1.8517264 1.8742173 1.8947852 1.8893604 1.8775217 1.8848462 1.9234269 1.8724106 1.9049775 1.8647670 1.8699510 1.8199610 1.9468065 1.8944543 1.8679436 1.8670683 1.8428030 1.8655372 1.9103540 1.8829170 1.8525159 1.8905099 1.9125405 1.8843913 1.7601774 1.8767670 1.8482075 1.8326813 1.8532767 1.9008561 1.8526438 1.8441926 1.8669414 1.8623143 1.8420360 1.8239071 1.8389979 1.8408182 1.8041970 1.8406981 1.8424795 1.8535444 1.8639801 1.8473692 1.8327883 1.8203878 1.8521993 1.8166573 1.8195213 2.3891445 2.5326309 2.3863284 2.2988899 2.3186485 2.3504764 2.3339184 2.4900968 2.4659056 2.4077322 3.0342261 2.7087780 2.8765388 2.7262987 2.7049229 2.9458042 3.2269084 3.3008807 2.9773584 7.2752015 5.7783644 
KY855436.1  0.5581108 0.5653533 0.5557787 0.5607609 0.5702607 0.5667470 0.5640277 0.2153915 0.2153915 0.0000000 0.2206746 0.4316226 0.4453990 0.4453990 0.4487047 0.4513363 0.4571145 0.4370798 0.4477791 0.4469455 0.4503241 0.4456481 0.4468460 0.4411789 0.4425330 0.4432418 0.5186094 0.5128869 0.5263146 0.5193583 0.5263513 0.5152796 0.5115500 0.5307546 0.5243968 0.5393398 0.5225101 0.5372158 0.5164505 0.5259049 0.5220531 0.5226749 0.5305257 0.5174661 0.5217741 0.5076845 0.5128589 0.4378119 0.5182659 0.5274583 0.4274296 0.5154563 0.4894369 0.5278212 0.5129150 0.6102019 0.6100042 0.6980265 0.6701930 0.6277546 0.6043271 0.6787773 0.6816760 0.6677879 0.4154129 0.4368720 0.4428888 0.7620988 0.7675942 1.3905245 0.7624083 0.7359702 0.9148528 1.8783821 1.8783821 1.8882690 1.8810371 1.8816548 1.8719266 1.8589570 1.8787605 1.8866677 1.8842733 1.9043124 1.8932302 1.8751328 1.8922766 1.8527242 1.8768346 1.8747315 1.8595565 1.8685821 1.8216400 1.8216400 1.8547270 1.8739590 1.8675854 1.8482377 1.8779692 1.8906229 1.8615822 1.8615822 1.8541840 1.8608495 1.9144810 1.8814807 1.8882591 1.8709005 1.8561019 1.8556329 1.8282064 1.8323750 1.8762870 1.8612867 1.8632317 1.8879652 1.8634579 1.8756435 1.8820882 1.8400171 1.8602379 1.8989330 1.8782264 1.8803740 1.9205777 1.9145483 1.9017301 1.8906206 1.8846227 1.8413859 1.8987370 1.8985637 1.8773145 1.8911533 1.9372746 1.9243642 1.8075859 1.8542821 1.9108325 1.9147542 1.8640887 1.9215057 1.9224822 1.9151066 1.9304651 1.8818826 1.8714892 1.8763180 1.8496838 1.8734090 1.8773587 1.9028960 1.8612598 1.8870203 1.8630699 1.8709459 1.8064523 1.8428193 1.8673874 1.8375212 1.8178091 2.4833358 2.6185556 2.4868737 2.4762712 2.4594173 2.4874349 2.4922604 2.5323008 2.4981678 2.5189027 3.0497533 2.7592556 2.9242803 2.7754458 2.7610905 3.0889456 3.2301329 3.2132824 2.9650541 7.0213244 6.1046354 
OM140655.1  0.5906374 0.5962476 0.5935923 0.5998151 0.6175705 0.6143190 0.5985108 0.2398661 0.2398661 0.2206746 0.0000000 0.4944989 0.4870575 0.4870575 0.4809421 0.4930154 0.5104477 0.4908747 0.4991656 0.4944622 0.5001032 0.4952051 0.5008684 0.4993489 0.4960757 0.4960290 0.5355219 0.5394239 0.5559879 0.5505528 0.5496806 0.5543937 0.5479508 0.5613081 0.5659715 0.5786098 0.5698626 0.5827281 0.5457976 0.5527260 0.5485238 0.5542192 0.5697938 0.5408210 0.5474058 0.5377338 0.5395133 0.4551826 0.5533954 0.5693548 0.4558134 0.5542453 0.4974289 0.5775840 0.5531954 0.6648790 0.6671837 0.7583583 0.7250901 0.6805573 0.6622052 0.7421474 0.7456154 0.7312316 0.4544576 0.4572520 0.4587127 0.8315771 0.8302963 1.3889566 0.8213379 0.8797612 0.9801463 2.0226223 2.0226223 2.0070973 1.9592457 2.0118580 1.9654479 1.9613353 2.0130172 1.9541557 1.9683398 1.9758794 1.9882034 2.0126245 2.0072494 1.9969325 1.9775230 1.9997950 1.9685977 1.9819543 1.9574867 1.9574867 2.0123756 2.0099852 1.9810717 1.9817465 2.0074273 2.0400819 1.9979156 1.9979156 1.9814291 1.9797901 2.0242174 2.0406851 1.9800939 1.9496844 1.9818105 2.0156733 1.9294397 1.9341351 1.9480288 1.9709360 1.9624016 1.9659369 1.9514617 1.9736317 2.0098157 1.9822663 1.9730755 1.9627574 1.9707017 1.9729215 2.0269116 1.9847799 1.9771798 1.9639246 1.9685556 1.9168425 2.0260066 1.9439010 1.9239492 1.9592685 1.9822267 1.9636458 1.8815213 1.9061827 1.8936998 1.9265933 1.8829222 1.9889600 1.9188947 1.9091498 1.9249427 1.9116318 1.8819684 1.8635285 1.8825879 1.8919706 1.9211313 1.9266053 1.8924969 1.9274170 1.8964576 1.8859424 1.8830625 1.8733020 1.8948102 1.8807291 1.8443803 2.5141583 2.7199351 2.6248631 2.5743733 2.5334642 2.5394034 2.5728517 2.7186925 2.6600358 2.5953332 3.1656731 2.8055154 3.0784718 2.9082062 2.8918770 3.0589934 3.1851491 3.2968807 3.0678574 7.3518865 5.9909344 
JN088541.1  0.5318912 0.5214260 0.5218988 0.5180209 0.5371479 0.5325815 0.5226911 0.4118928 0.4118928 0.4316226 0.4944989 0.0000000 0.0653878 0.0653878 0.0713232 0.0785740 0.0723491 0.0664436 0.0772818 0.0804370 0.0918005 0.0864880 0.0863915 0.0750406 0.0699963 0.0695240 0.3485124 0.3403615 0.3646681 0.3495416 0.3430285 0.3439076 0.3449247 0.3581661 0.3536412 0.3532360 0.3533269 0.3642735 0.5102852 0.5196048 0.5168238 0.5190544 0.5361372 0.5071292 0.5075318 0.4935559 0.4966444 0.4135571 0.5272755 0.5361299 0.3960216 0.5091583 0.4643473 0.5245997 0.4973542 0.6495500 0.6522166 0.7644576 0.7206508 0.6743220 0.6347684 0.7409387 0.7475785 0.7273680 0.4448157 0.4701156 0.4781607 0.7112240 0.7097837 1.3572212 0.7099283 0.7143202 0.8977806 1.7766883 1.7766883 1.8018256 1.8311164 1.8127708 1.7570277 1.7804761 1.7769828 1.7695198 1.7509215 1.7677468 1.7780792 1.8148392 1.7923118 1.8076733 1.7955708 1.7949140 1.7716854 1.8343657 1.7714877 1.7714877 1.7658944 1.8049234 1.8216474 1.8126784 1.7910960 1.8255515 1.7792710 1.7792710 1.8039936 1.7494191 1.8255213 1.7870038 1.8030995 1.7807273 1.7954919 1.8076699 1.7495602 1.7751745 1.8103261 1.7470673 1.7662564 1.7838022 1.7771023 1.7942950 1.7896356 1.7422352 1.8108559 1.7908165 1.7981790 1.7722132 1.8433093 1.8092739 1.7605172 1.7930440 1.7677197 1.7831005 1.8239926 1.7782417 1.8028314 1.7838708 1.8069061 1.8020139 1.6731274 1.7921068 1.7765988 1.7585170 1.7552777 1.8049397 1.7806211 1.7789600 1.7862348 1.7793970 1.7682854 1.7773334 1.7504634 1.7734038 1.7552275 1.7587915 1.7584251 1.7682861 1.7715217 1.7622160 1.7411170 1.7543172 1.7766536 1.7286030 1.7325451 2.4040698 2.5449620 2.4014575 2.3448054 2.2535024 2.2613408 2.2530630 2.4072679 2.4774555 2.2732748 2.8764666 2.5380492 2.7543848 2.5932804 2.5880137 2.7692608 3.2014675 3.2094339 2.9139621 6.9332271 5.6290350 
JQ911763.1  0.5403886 0.5367632 0.5395325 0.5306348 0.5630811 0.5587514 0.5440978 0.4124230 0.4124230 0.4453990 0.4870575 0.0653878 0.0000000 0.0000010 0.0276424 0.0343348 0.0544220 0.0641811 0.0760338 0.0778227 0.0861807 0.0823395 0.0827431 0.0728025 0.0672905 0.0671377 0.3501649 0.3480532 0.3659723 0.3474956 0.3504861 0.3488271 0.3503444 0.3580655 0.3545437 0.3593044 0.3587025 0.3675358 0.5253016 0.5328684 0.5293475 0.5345537 0.5565055 0.5262810 0.5260332 0.5092002 0.5094195 0.4171403 0.5319850 0.5396965 0.3917554 0.5203523 0.4608401 0.5287632 0.5032514 0.6612114 0.6625566 0.7690543 0.7304332 0.6818075 0.6426561 0.7476541 0.7538279 0.7336469 0.4631937 0.4813652 0.4868958 0.7297530 0.7187910 1.3338593 0.7191410 0.7469368 0.9104992 1.7604991 1.7604991 1.7985904 1.8085813 1.8045772 1.7804660 1.7900669 1.8008710 1.7855463 1.7525046 1.7576766 1.7850605 1.8028872 1.7948944 1.8486445 1.8239464 1.8111897 1.7912196 1.8367897 1.8035577 1.8035577 1.7706697 1.7919320 1.7894975 1.7983412 1.8239918 1.8444240 1.7879419 1.7879419 1.7943865 1.7903268 1.8159231 1.7933538 1.8194917 1.8145378 1.7869315 1.7968800 1.7497548 1.7539029 1.8295043 1.7455002 1.7726552 1.7612571 1.7578880 1.7740607 1.7755731 1.7991773 1.8240597 1.8059503 1.7821607 1.7557960 1.8145937 1.7777131 1.8080382 1.7842171 1.8043083 1.7599699 1.8255656 1.8298557 1.8126130 1.7648307 1.8025063 1.7850701 1.6733320 1.7993261 1.7707309 1.7625349 1.7342479 1.7821495 1.7638441 1.7611005 1.7670240 1.7520706 1.7396653 1.7269483 1.7256409 1.7405513 1.7301175 1.7505321 1.7558809 1.7363995 1.7629356 1.7436852 1.7286020 1.7345713 1.7486286 1.7169197 1.7410667 2.3666972 2.4846925 2.3425869 2.3249881 2.2796756 2.2832528 2.2817560 2.4324050 2.4571555 2.2647561 2.9575079 2.6386174 2.7631919 2.6077951 2.5985018 2.8054705 3.1176381 3.1392092 2.9172825 6.8457787 5.5148744 
OP093967.1  0.5403886 0.5367632 0.5395325 0.5306348 0.5630811 0.5587514 0.5440978 0.4124230 0.4124230 0.4453990 0.4870575 0.0653878 0.0000010 0.0000000 0.0276424 0.0343348 0.0544220 0.0641811 0.0760338 0.0778227 0.0861807 0.0823395 0.0827431 0.0728025 0.0672905 0.0671377 0.3501649 0.3480532 0.3659723 0.3474956 0.3504861 0.3488271 0.3503444 0.3580655 0.3545437 0.3593044 0.3587025 0.3675358 0.5253016 0.5328684 0.5293475 0.5345537 0.5565055 0.5262810 0.5260332 0.5092002 0.5094195 0.4171403 0.5319850 0.5396965 0.3917554 0.5203523 0.4608401 0.5287632 0.5032514 0.6612114 0.6625566 0.7690543 0.7304332 0.6818075 0.6426561 0.7476541 0.7538279 0.7336469 0.4631937 0.4813652 0.4868958 0.7297530 0.7187910 1.3338593 0.7191410 0.7469368 0.9104992 1.7604991 1.7604991 1.7985904 1.8085813 1.8045772 1.7804660 1.7900669 1.8008710 1.7855463 1.7525046 1.7576766 1.7850605 1.8028872 1.7948944 1.8486445 1.8239464 1.8111897 1.7912196 1.8367897 1.8035577 1.8035577 1.7706697 1.7919320 1.7894975 1.7983412 1.8239918 1.8444240 1.7879419 1.7879419 1.7943865 1.7903268 1.8159231 1.7933538 1.8194917 1.8145378 1.7869315 1.7968800 1.7497548 1.7539029 1.8295043 1.7455002 1.7726552 1.7612571 1.7578880 1.7740607 1.7755731 1.7991773 1.8240597 1.8059503 1.7821607 1.7557960 1.8145937 1.7777131 1.8080382 1.7842171 1.8043083 1.7599699 1.8255656 1.8298557 1.8126130 1.7648307 1.8025063 1.7850701 1.6733320 1.7993261 1.7707309 1.7625349 1.7342479 1.7821495 1.7638441 1.7611005 1.7670240 1.7520706 1.7396653 1.7269483 1.7256409 1.7405513 1.7301175 1.7505321 1.7558809 1.7363995 1.7629356 1.7436852 1.7286020 1.7345713 1.7486286 1.7169197 1.7410667 2.3666972 2.4846925 2.3425869 2.3249881 2.2796756 2.2832528 2.2817560 2.4324050 2.4571555 2.2647561 2.9575079 2.6386174 2.7631919 2.6077951 2.5985018 2.8054705 3.1176381 3.1392092 2.9172825 6.8457787 5.5148744 
MN449341.1  0.5282986 0.5305634 0.5359616 0.5240013 0.5547400 0.5504467 0.5410907 0.4187172 0.4187172 0.4487047 0.4809421 0.0713232 0.0276424 0.0276424 0.0000000 0.0346035 0.0614561 0.0690618 0.0789612 0.0848039 0.0941099 0.0885914 0.0904009 0.0797118 0.0728335 0.0723545 0.3478206 0.3456126 0.3687346 0.3478697 0.3510238 0.3522516 0.3549173 0.3560063 0.3522999 0.3589373 0.3543195 0.3688897 0.5246148 0.5321782 0.5296023 0.5329032 0.5531659 0.5231444 0.5247920 0.5087549 0.5090829 0.4174219 0.5316818 0.5407751 0.3916792 0.5164900 0.4574404 0.5268876 0.5014479 0.6613627 0.6639306 0.7715067 0.7319271 0.6835754 0.6465696 0.7530071 0.7543941 0.7357022 0.4683723 0.4841173 0.4895753 0.7322371 0.7218696 1.2982037 0.7190249 0.7380199 0.9120814 1.7749122 1.7749122 1.8061865 1.8173486 1.8024702 1.7773261 1.7849422 1.7842559 1.7704538 1.7453770 1.7486420 1.7664515 1.7862215 1.7949163 1.8283872 1.7949086 1.8150101 1.7883451 1.8291311 1.7961110 1.7961110 1.7838763 1.7959452 1.7686038 1.7857678 1.8063949 1.8414162 1.7734319 1.7734319 1.7825034 1.7824629 1.8080684 1.7910763 1.8134691 1.8056088 1.7944584 1.7948204 1.7447392 1.7496644 1.8016227 1.7359246 1.7833945 1.7815799 1.7754332 1.7904823 1.7866169 1.8024732 1.8195428 1.7894509 1.7801576 1.7688166 1.8312671 1.7903546 1.7908454 1.7767698 1.7845212 1.7453756 1.8143361 1.8072216 1.7993962 1.7670105 1.8017174 1.7866304 1.6718885 1.7778461 1.7461083 1.7472743 1.7271720 1.7724380 1.7571186 1.7543842 1.7590934 1.7323001 1.7154881 1.7152126 1.7087135 1.7353916 1.7271885 1.7102060 1.7350663 1.7244766 1.7476296 1.7341502 1.7121094 1.7269768 1.7493435 1.7030278 1.7204637 2.3728616 2.5154585 2.3864084 2.3577183 2.2751403 2.2872507 2.2787088 2.4256353 2.4795391 2.2221413 2.9047569 2.5884409 2.7540503 2.5987170 2.5827296 2.7990026 3.0465839 3.0887628 2.9072044 6.7476120 5.4461195 
NC_034971.1 0.5412063 0.5411332 0.5455038 0.5371176 0.5604215 0.5561032 0.5424666 0.4260371 0.4260371 0.4513363 0.4930154 0.0785740 0.0343348 0.0343348 0.0346035 0.0000000 0.0650752 0.0779563 0.0872802 0.0942896 0.1008306 0.0951243 0.0964620 0.0858815 0.0796289 0.0791412 0.3530798 0.3474745 0.3672424 0.3526062 0.3541251 0.3540446 0.3550115 0.3595812 0.3531276 0.3568548 0.3560115 0.3719915 0.5289889 0.5336040 0.5300868 0.5359800 0.5571050 0.5290433 0.5282384 0.5121561 0.5143894 0.4133504 0.5363221 0.5441772 0.3956693 0.5135921 0.4585168 0.5283366 0.4998497 0.6577689 0.6592398 0.7548547 0.7207069 0.6704715 0.6340732 0.7393443 0.7445936 0.7240506 0.4730247 0.4917451 0.4972701 0.7354982 0.7239688 1.3562508 0.7283112 0.7498128 0.9251071 1.7840475 1.7840475 1.8155260 1.8081972 1.8214431 1.7946546 1.7933826 1.8060378 1.7871987 1.7657086 1.7429019 1.7822998 1.8188738 1.7985417 1.8447569 1.8330808 1.8317818 1.7973292 1.8195410 1.8188443 1.8188443 1.7883955 1.8258646 1.7909097 1.8054313 1.8464380 1.8568244 1.7941891 1.7941891 1.8155771 1.7789694 1.8213720 1.8068016 1.8276141 1.8106225 1.8108893 1.8363745 1.7611330 1.7625744 1.8188424 1.7367418 1.7881372 1.7742069 1.7847129 1.7831758 1.7927944 1.8314851 1.8243357 1.7943471 1.7778718 1.7666427 1.8397030 1.7963582 1.8045687 1.7757238 1.8086393 1.7610133 1.8194477 1.8235032 1.7915848 1.7870610 1.8144103 1.7967721 1.6949347 1.8199158 1.7815864 1.7659596 1.7335678 1.7761992 1.7553363 1.7501038 1.7548164 1.7653294 1.7274127 1.7445829 1.7465740 1.7566931 1.7511650 1.7426711 1.7647730 1.7528455 1.7767324 1.7510629 1.7343553 1.7367700 1.7811802 1.7252716 1.7463517 2.3861262 2.5163741 2.3795426 2.3282841 2.2708296 2.2685769 2.2732432 2.4436304 2.4534188 2.2767255 2.9134079 2.5908063 2.7683416 2.5800613 2.5740095 2.7976835 3.1028481 3.0850830 2.9396270 6.7519325 5.4276860 
KF924623.1  0.5350749 0.5354485 0.5359569 0.5285864 0.5484704 0.5435190 0.5315407 0.4192011 0.4192011 0.4571145 0.5104477 0.0723491 0.0544220 0.0544220 0.0614561 0.0650752 0.0000000 0.0710144 0.0827942 0.0858774 0.0983622 0.0932195 0.0921253 0.0774170 0.0742276 0.0747063 0.3654214 0.3554229 0.3814569 0.3610988 0.3568129 0.3548916 0.3559079 0.3729529 0.3647151 0.3712371 0.3594635 0.3789578 0.5315223 0.5396655 0.5378958 0.5434761 0.5653567 0.5330940 0.5341383 0.5241648 0.5225511 0.4403676 0.5539645 0.5639096 0.4122709 0.5266261 0.4704208 0.5287822 0.5042726 0.6709859 0.6726439 0.7816989 0.7460562 0.6863985 0.6510241 0.7615172 0.7685218 0.7459057 0.4651103 0.4851488 0.4961398 0.7375540 0.7325380 1.3370829 0.7333678 0.7374301 0.9137550 1.7754018 1.7754018 1.8014663 1.8400087 1.8352037 1.7995181 1.8106478 1.8245098 1.8099459 1.7887200 1.7774000 1.8160268 1.8057390 1.7895202 1.8359150 1.8305509 1.8400109 1.7739262 1.8322524 1.7975455 1.7975455 1.7809334 1.8036149 1.8108152 1.8003894 1.8257631 1.8576179 1.7934362 1.7934362 1.8292554 1.7819211 1.8254383 1.8017107 1.7966850 1.7810755 1.7836212 1.8178427 1.7708619 1.7677421 1.8174562 1.7496950 1.7899434 1.7881385 1.7883857 1.8009463 1.7884058 1.8026931 1.8397967 1.8220818 1.8189908 1.7658502 1.8521003 1.8094368 1.7808708 1.7895824 1.8077199 1.7817769 1.8396866 1.8207704 1.7988665 1.7953007 1.8224677 1.8174245 1.6892666 1.8588097 1.8321525 1.7918630 1.7826215 1.8225521 1.8062253 1.8081709 1.8142566 1.7918632 1.7805434 1.7853605 1.7693347 1.8041413 1.7693410 1.7834572 1.7878523 1.7816693 1.8023781 1.7819674 1.7585826 1.7793061 1.7915291 1.7706502 1.7822264 2.3972378 2.5274541 2.3943298 2.3368006 2.2488905 2.2943969 2.2846274 2.3920243 2.4276950 2.2588565 2.9547747 2.6315432 2.7942737 2.6437102 2.6381261 2.7799708 3.1569876 3.1859210 2.9093047 6.7741944 5.5373521 
KC161964.1  0.5417476 0.5395155 0.5427762 0.5346378 0.5573878 0.5530426 0.5370974 0.4126257 0.4126257 0.4370798 0.4908747 0.0664436 0.0641811 0.0641811 0.0690618 0.0779563 0.0710144 0.0000000 0.0578072 0.0681137 0.0789916 0.0728733 0.0726766 0.0695772 0.0643167 0.0647802 0.3480742 0.3450282 0.3617043 0.3516872 0.3453264 0.3485681 0.3571180 0.3601098 0.3551685 0.3569938 0.3607855 0.3597091 0.5183228 0.5286003 0.5253865 0.5264270 0.5467912 0.5186187 0.5170858 0.5059594 0.5021869 0.4169173 0.5346235 0.5396960 0.3953847 0.5157393 0.4613061 0.5239599 0.4927210 0.6515242 0.6511578 0.7658262 0.7254772 0.6746833 0.6471936 0.7444084 0.7497201 0.7282021 0.4505165 0.4774432 0.4821863 0.7240623 0.7136808 1.3822880 0.7227150 0.7306056 0.9165538 1.7771829 1.7771829 1.8096139 1.8310450 1.8343712 1.7888989 1.7974592 1.7968408 1.7798759 1.7536278 1.7699986 1.7916351 1.8013062 1.8218701 1.8351164 1.8294046 1.8085100 1.7834505 1.8408266 1.7999540 1.7999540 1.7841789 1.8334556 1.8165742 1.8021024 1.8375912 1.8717201 1.7907797 1.7907797 1.8011491 1.7795749 1.8444639 1.8158318 1.8110685 1.8067189 1.8282300 1.8130938 1.7639316 1.7803279 1.8274271 1.7531576 1.7859174 1.7778588 1.7699202 1.8036227 1.7862728 1.8067641 1.8371702 1.8208230 1.8176673 1.7751225 1.8517362 1.7864905 1.7961440 1.8054274 1.7832805 1.8067341 1.8677884 1.7764314 1.7709045 1.7748219 1.8076984 1.7924554 1.6996724 1.7685117 1.7678248 1.7644624 1.7268943 1.7612117 1.7539429 1.7568465 1.7629317 1.7322618 1.7103990 1.7061013 1.6889651 1.7149183 1.7061335 1.7220268 1.7169285 1.7265491 1.7271927 1.7184406 1.6925176 1.7083643 1.7478558 1.6878255 1.7115697 2.3687002 2.4911665 2.3756281 2.3219849 2.2331387 2.2556564 2.2516141 2.4022795 2.4377350 2.2246333 2.9159565 2.5883791 2.7007103 2.5641685 2.5487865 2.7727215 3.1233940 3.1664264 2.8671683 7.0112640 5.4583829 
MN337880.1  0.5319314 0.5322733 0.5393675 0.5288978 0.5512031 0.5473165 0.5375732 0.4278938 0.4278938 0.4477791 0.4991656 0.0772818 0.0760338 0.0760338 0.0789612 0.0872802 0.0827942 0.0578072 0.0000000 0.0726671 0.0879000 0.0839286 0.0855014 0.0743192 0.0745023 0.0749784 0.3650311 0.3553781 0.3811484 0.3614060 0.3638316 0.3597994 0.3642983 0.3723639 0.3682382 0.3746031 0.3661563 0.3773054 0.5196926 0.5264315 0.5236174 0.5267302 0.5446264 0.5193308 0.5172992 0.4995905 0.5011191 0.4133075 0.5267950 0.5353077 0.4013933 0.5261205 0.4645270 0.5262785 0.5005230 0.6371443 0.6373293 0.7485782 0.7053522 0.6612089 0.6253477 0.7236992 0.7309172 0.7100621 0.4496652 0.4809515 0.4923513 0.7364243 0.7292582 1.3507726 0.7317523 0.7651353 0.9021742 1.7744008 1.7744008 1.8055588 1.8075257 1.7864588 1.7616161 1.7749307 1.7653891 1.7554887 1.7377567 1.7588753 1.7515899 1.7804387 1.7860917 1.8011045 1.7945394 1.8137718 1.7723570 1.8016829 1.7691895 1.7691895 1.7685709 1.8058528 1.7869751 1.7877431 1.7898378 1.8403770 1.7538115 1.7538115 1.7800101 1.7517323 1.8158820 1.7920506 1.8119369 1.8007423 1.7942480 1.7938543 1.7141908 1.7439159 1.7697400 1.7134205 1.7567139 1.7607829 1.7567585 1.7689012 1.7564354 1.7800709 1.7894570 1.8017951 1.8024880 1.7439764 1.8181522 1.7904137 1.7728924 1.7663072 1.7804070 1.7556305 1.8130055 1.7666026 1.7748939 1.7743969 1.8049452 1.7966265 1.6803725 1.8049074 1.8039965 1.7865535 1.7781590 1.7889948 1.8021380 1.7992870 1.8041480 1.7878235 1.7735102 1.7714691 1.7521773 1.7784678 1.7595025 1.7604130 1.7746039 1.7719934 1.7751256 1.7723140 1.7232284 1.7428360 1.7671776 1.7600825 1.7739067 2.3711567 2.5131642 2.3791468 2.3414752 2.2267280 2.2638334 2.2469886 2.4023538 2.4896275 2.2777153 2.8888433 2.6062589 2.7207846 2.5318765 2.5305221 2.8218001 3.1453965 3.1336764 2.8965391 7.1038844 5.3757374 
KM068048.1  0.5431300 0.5475214 0.5522594 0.5426287 0.5596787 0.5549973 0.5435322 0.4300976 0.4300976 0.4469455 0.4944622 0.0804370 0.0778227 0.0778227 0.0848039 0.0942896 0.0858774 0.0681137 0.0726671 0.0000000 0.0595506 0.0704972 0.0693058 0.0801016 0.0794978 0.0799811 0.3625397 0.3542982 0.3770407 0.3595355 0.3664045 0.3581325 0.3592443 0.3808808 0.3721174 0.3767666 0.3712181 0.3856117 0.5240671 0.5313778 0.5298806 0.5345643 0.5544233 0.5274067 0.5259333 0.5075650 0.5083336 0.4235689 0.5340014 0.5484979 0.4065179 0.5336514 0.4826109 0.5373138 0.5154049 0.6583205 0.6596883 0.7713462 0.7237048 0.6793649 0.6374394 0.7389237 0.7506286 0.7254788 0.4686891 0.4866697 0.4985621 0.7356285 0.7317380 1.3536681 0.7309865 0.7503609 0.9020043 1.7824544 1.7824544 1.8098864 1.8127174 1.8092967 1.8023620 1.7913336 1.8212339 1.7924223 1.7544118 1.7841521 1.7808151 1.7991801 1.8135685 1.8366870 1.8427806 1.8467470 1.7988353 1.8208198 1.7960441 1.7960441 1.7684746 1.8055547 1.8211249 1.8051572 1.8164178 1.8595249 1.7964804 1.7964804 1.8067471 1.7816986 1.8581997 1.8023728 1.8028163 1.8023784 1.7969755 1.8120316 1.7401775 1.7806850 1.8059714 1.7646828 1.7831674 1.7919264 1.7852566 1.7963301 1.7914060 1.7932266 1.8249000 1.8353641 1.8459843 1.7671625 1.8540231 1.8039839 1.7983882 1.8118662 1.7988861 1.7679138 1.8664818 1.8099380 1.8071773 1.7812602 1.8124991 1.8003843 1.6931899 1.8582207 1.8356093 1.8182653 1.8000587 1.8233450 1.8149358 1.8098270 1.8148036 1.8012853 1.7995281 1.7976654 1.7771211 1.8059652 1.7842090 1.8225058 1.8036984 1.7906416 1.8219478 1.8022612 1.7703438 1.7569913 1.8011385 1.7601156 1.7670230 2.3429199 2.5179798 2.3959253 2.3389091 2.2861329 2.3009954 2.2764213 2.4058952 2.4815834 2.2958073 2.8738657 2.5709043 2.7597728 2.6042436 2.6048046 2.7873228 3.1249903 3.1693104 2.9235743 7.0302915 5.4835286 
KM068049.1  0.5579866 0.5589719 0.5563913 0.5555852 0.5735880 0.5687262 0.5626244 0.4316774 0.4316774 0.4503241 0.5001032 0.0918005 0.0861807 0.0861807 0.0941099 0.1008306 0.0983622 0.0789916 0.0879000 0.0595506 0.0000000 0.0243436 0.0263622 0.0864429 0.0871885 0.0873647 0.3666723 0.3586477 0.3811079 0.3665376 0.3640353 0.3614642 0.3616028 0.3833371 0.3770494 0.3826073 0.3769421 0.3927920 0.5403999 0.5500311 0.5455391 0.5502835 0.5706658 0.5417056 0.5399344 0.5231812 0.5267719 0.4429527 0.5650400 0.5791604 0.4168133 0.5528759 0.4861421 0.5534753 0.5192508 0.6699153 0.6725342 0.7883331 0.7447300 0.6905538 0.6613951 0.7630085 0.7720438 0.7506483 0.4782185 0.4965411 0.5087214 0.7528701 0.7469638 1.4351422 0.7463145 0.7432852 0.9283749 1.8017306 1.8017306 1.8243856 1.8465171 1.8391564 1.8233006 1.8084549 1.8210000 1.7977617 1.7742557 1.8024912 1.8009151 1.8182217 1.8225419 1.8565580 1.8721820 1.8676566 1.7897554 1.8328422 1.8263454 1.8263454 1.8004175 1.8289590 1.8312501 1.8435010 1.8578984 1.8781097 1.8126843 1.8126843 1.8403920 1.7967207 1.8612412 1.8222845 1.8113972 1.8119662 1.8070854 1.8149871 1.7887180 1.8024219 1.8405422 1.7706923 1.7731553 1.7832057 1.7905461 1.8032223 1.8079196 1.8280194 1.8325940 1.8523577 1.8575535 1.8013676 1.8760153 1.8373431 1.8169383 1.8288891 1.8086334 1.7944554 1.8589226 1.8467189 1.8296802 1.7984680 1.8250573 1.8089319 1.6792363 1.8528275 1.8289788 1.8060679 1.8080409 1.8410992 1.8343247 1.8322096 1.8367930 1.8144136 1.8095670 1.8102168 1.7852329 1.8115070 1.8000328 1.8266561 1.8163667 1.7954503 1.8171575 1.7880025 1.7603504 1.7640675 1.7891525 1.7917800 1.7728264 2.3999596 2.5901853 2.4477074 2.3905888 2.3179946 2.3325371 2.3067646 2.4660118 2.4869229 2.2923912 2.9169358 2.6042251 2.7985151 2.6238645 2.6330176 2.8522780 3.0964831 3.1579539 2.9692478 6.9732322 5.4679688 
