76
AB090161.1  0.0000000 0.0594234 0.0654627 0.4337007 0.4210574 0.6325254 0.6348034 0.6508708 0.6590770 0.6627109 0.6587727 0.6587727 0.6406660 0.6341981 0.6338870 0.6553891 0.6642162 0.6448417 0.6448417 0.7037928 0.7173235 0.7163971 0.7094604 0.7184373 0.7107500 0.7197653 0.7037508 0.7038234 0.7017957 0.7282121 0.7012861 0.7012861 0.7221938 0.7098697 0.7095410 0.6653933 0.7096856 1.3750938 1.4735150 1.6275828 2.0291005 2.0604083 2.0376017 2.0364816 2.0367519 2.0422283 2.0353756 2.0638673 2.0340903 2.0403798 2.0377465 2.0194975 2.0403130 2.0398702 2.0386338 2.0837049 2.0396077 2.0432902 2.0288126 2.0468935 2.0446050 2.0348386 2.0228520 1.9922065 2.1581875 2.1540384 2.1564927 2.1389234 2.1438616 2.1661848 2.1029315 2.2393237 2.0879781 2.1648529 2.5576294 5.7238944 
EU542581.1  0.0594234 0.0000000 0.0447032 0.4454772 0.4285005 0.6520012 0.6547302 0.6706268 0.6821942 0.6864199 0.6823957 0.6823957 0.6570052 0.6531874 0.6516778 0.6740284 0.6783754 0.6621702 0.6621702 0.7006533 0.7133654 0.7128476 0.7036043 0.7148111 0.7069035 0.7133637 0.7012287 0.7046331 0.7032210 0.7260773 0.6904846 0.6904846 0.7331559 0.7110663 0.7187977 0.6647018 0.7203041 1.3610953 1.4496671 1.6553299 2.0540736 2.0871620 2.0580253 2.0569092 2.0571833 2.0625561 2.0572035 2.0754640 2.0559603 2.0608717 2.0582296 2.0412631 2.0607766 2.0618258 2.0590804 2.1022711 2.0546150 2.0624060 2.0516751 2.0700013 2.0385165 2.0288346 2.0324526 2.0082333 2.1596942 2.1555733 2.1536322 2.1396596 2.1445530 2.1835082 2.1258996 2.2233950 2.0728270 2.1216745 2.5971234 5.8595793 
EU815052.1  0.0654627 0.0447032 0.0000000 0.4488220 0.4241337 0.6463633 0.6482853 0.6708216 0.6779030 0.6874819 0.6829903 0.6829903 0.6628186 0.6578138 0.6570885 0.6675581 0.6824070 0.6566538 0.6566538 0.7150344 0.7255585 0.7246201 0.7171381 0.7312656 0.7204989 0.7157918 0.7052760 0.7080977 0.7049253 0.7307021 0.6946491 0.6946491 0.7383916 0.7210997 0.7185702 0.6785923 0.7157660 1.4010303 1.4431751 1.6409070 2.0510732 2.0860112 2.0564023 2.0552715 2.0555488 2.0643293 2.0555688 2.0798466 2.0502358 2.0578576 2.0551840 2.0422127 2.0577656 2.0588224 2.0574692 2.1055139 2.0557283 2.0622324 2.0474976 2.0690436 2.0111444 2.0013960 2.0163353 1.9738165 2.1441658 2.1400309 2.1409764 2.1387808 2.1437429 2.1494565 2.1096804 2.2571741 2.0657211 2.1196221 2.5885064 5.9164373 
MN116646.1  0.4337007 0.4454772 0.4488220 0.0000000 0.5826017 0.5464261 0.5485615 0.5570666 0.5689981 0.5760264 0.5738221 0.5738221 0.5521384 0.5495488 0.5509201 0.5658978 0.5623250 0.5423890 0.5423890 0.8550956 0.8672863 0.8676711 0.8671640 0.8699394 0.8727644 0.8908668 0.8809604 0.8847446 0.8766951 0.8823767 0.8779375 0.8779375 0.8855161 0.8905434 0.8917940 0.8140665 0.8775077 1.4532663 1.4941077 1.6833791 2.1597424 2.1886325 2.1646779 2.1596930 2.1614824 2.1685650 2.1615320 2.1566649 2.1622249 2.1703044 2.1627464 2.1499888 2.1706838 2.1748055 2.1704476 2.2050869 2.1530461 2.1711316 2.1525831 2.1750063 2.1610390 2.1504107 2.1397578 2.1062098 2.2321145 2.2292993 2.2216034 2.2751451 2.2792263 2.2592640 2.2525922 2.4201117 2.2186686 2.2801579 2.6043941 5.9978272 
MH976711.1  0.4210574 0.4285005 0.4241337 0.5826017 0.0000000 0.7818408 0.7821151 0.7943709 0.8079689 0.8046955 0.8010673 0.8010673 0.8085885 0.8075557 0.8034376 0.8131779 0.8163033 0.7937174 0.7937174 0.6553554 0.6641637 0.6641173 0.6557058 0.6580922 0.6551730 0.6595863 0.6498312 0.6512600 0.6524399 0.6549358 0.6509153 0.6509153 0.6659668 0.6529871 0.6535321 0.6454942 0.6568604 1.4496300 1.5328807 1.7816806 2.2105480 2.2448861 2.2214089 2.2156307 2.2143372 2.2249206 2.2225462 2.1949691 2.2152750 2.2244526 2.2165544 2.2032936 2.2215821 2.2210372 2.2258104 2.2642476 2.2122967 2.2396070 2.2192082 2.2211948 2.2370025 2.2253519 2.2509572 2.2148168 2.3475314 2.3467037 2.3323448 2.2892750 2.2902365 2.2987905 2.2697810 2.1323905 2.2887073 2.2537187 2.5467592 5.7669485 
DQ401688.1  0.6325254 0.6520012 0.6463633 0.5464261 0.7818408 0.0000000 0.0008562 0.0762686 0.0956034 0.1138519 0.1126996 0.1126996 0.1353940 0.1342684 0.1335664 0.1451746 0.2051958 0.4553285 0.4553285 0.9235793 0.9348290 0.9342525 0.9280405 0.9342309 0.9440711 0.9454269 0.9340955 0.9340807 0.9344130 0.9519482 0.9642609 0.9642609 0.9567285 0.9730856 0.9815159 0.8908010 0.9454787 1.3758915 1.5859250 1.7168546 2.0524775 2.0787488 2.0506374 2.0546301 2.0576080 2.0661722 2.0557025 2.0731436 2.0491475 2.0589031 2.0531758 2.0447566 2.0566353 2.0589681 2.0543615 2.0994348 2.0321821 2.0565285 2.0529753 2.0643451 2.0873675 2.0760630 2.0767237 2.0661876 2.1530300 2.1498479 2.1464619 2.0769269 2.0807785 2.0965923 2.0262284 2.2349891 2.0689738 2.2717641 2.4169454 5.5925132 
M16020.1    0.6348034 0.6547302 0.6482853 0.5485615 0.7821151 0.0008562 0.0000000 0.0766297 0.0959998 0.1137824 0.1126295 0.1126295 0.1360864 0.1349579 0.1342544 0.1456593 0.2062933 0.4546495 0.4546495 0.9266145 0.9373548 0.9367769 0.9320213 0.9372995 0.9460781 0.9462590 0.9353045 0.9352897 0.9356226 0.9536859 0.9662660 0.9662660 0.9583451 0.9747289 0.9805909 0.8928735 0.9461954 1.3753140 1.5857598 1.7151829 2.0469622 2.0732325 2.0451261 2.0491057 2.0548586 2.0634135 2.0529545 2.0757463 2.0450199 2.0547511 2.0490353 2.0406323 2.0524923 2.0548159 2.0502279 2.0938498 2.0280870 2.0523847 2.0488383 2.0601931 2.0818797 2.0705895 2.0712636 2.0607200 2.1487447 2.1455692 2.1421863 2.0722489 2.0760947 2.0954313 2.0216573 2.2334225 2.0692652 2.2689515 2.4137075 5.5871747 
EU718732.1  0.6508708 0.6706268 0.6708216 0.5570666 0.7943709 0.0762686 0.0766297 0.0000000 0.0777778 0.1019345 0.1005180 0.1005180 0.1426864 0.1431071 0.1431376 0.1450791 0.2076732 0.4524809 0.4524809 0.9344529 0.9460158 0.9454335 0.9389712 0.9514607 0.9514280 0.9568512 0.9506702 0.9484868 0.9491383 0.9601981 0.9724140 0.9724140 0.9736332 0.9755489 0.9831797 0.9181258 0.9524691 1.3960169 1.5675605 1.6877770 2.0732955 2.0982435 2.0727608 2.0786886 2.0817494 2.0946279 2.0845094 2.1045330 2.0745497 2.0873296 2.0814940 2.0677711 2.0821688 2.0864495 2.0798250 2.1215277 2.0638258 2.0881082 2.0770353 2.0941442 2.1003805 2.0904327 2.0899524 2.0960898 2.1343075 2.1340216 2.1335145 2.0756841 2.0795361 2.1011909 2.0331096 2.2506894 2.0706413 2.2861387 2.5061311 5.6190271 
EU723238.1  0.6590770 0.6821942 0.6779030 0.5689981 0.8079689 0.0956034 0.0959998 0.0777778 0.0000000 0.0938414 0.0924582 0.0924582 0.1159664 0.1158799 0.1161970 0.1359599 0.2011656 0.4563747 0.4563747 0.9531215 0.9549969 0.9544096 0.9501114 0.9670442 0.9644823 0.9771045 0.9585572 0.9552515 0.9529316 0.9883851 0.9840686 0.9840686 0.9960742 0.9999738 1.0022836 0.9322922 0.9718180 1.4191728 1.6029500 1.7107740 2.0963583 2.1193260 2.0958249 2.0953574 2.0984506 2.1114445 2.1012425 2.1323687 2.0930223 2.1045103 2.0986222 2.0875969 2.1021297 2.1007669 2.0997365 2.1401868 2.0821974 2.1081437 2.0951414 2.1129313 2.1128762 2.1022890 2.1080273 2.1016580 2.1950808 2.1918221 2.1889621 2.1226308 2.1279817 2.1319591 2.0527490 2.2350016 2.1141644 2.3267428 2.4896358 5.6092374 
M20562.1    0.6627109 0.6864199 0.6874819 0.5760264 0.8046955 0.1138519 0.1137824 0.1019345 0.0938414 0.0000000 0.0012238 0.0012238 0.1421958 0.1437804 0.1445249 0.1438031 0.2059753 0.4431516 0.4431516 0.9381154 0.9487897 0.9471138 0.9417276 0.9473677 0.9514538 0.9677985 0.9459049 0.9437398 0.9412099 0.9556589 0.9743278 0.9743278 0.9803576 0.9698586 0.9842728 0.9002399 0.9498767 1.4089373 1.6002190 1.6841393 2.0976459 2.1211187 2.0989986 2.1008573 2.1039562 2.1156050 2.1035066 2.1417584 2.1003857 2.1133606 2.1086678 2.0921209 2.1096380 2.1049030 2.1058445 2.1418120 2.0838959 2.1110362 2.0985293 2.1144160 2.1453333 2.1382053 2.1352878 2.1443388 2.1799699 2.1796812 2.1762718 2.1181184 2.1234491 2.1200047 2.0732269 2.2261430 2.1281585 2.3285685 2.4432559 5.6323405 
NC_001366.1 0.6587727 0.6823957 0.6829903 0.5738221 0.8010673 0.1126996 0.1126295 0.1005180 0.0924582 0.0012238 0.0000000 0.0000010 0.1411535 0.1428483 0.1435906 0.1428892 0.2052638 0.4415799 0.4415799 0.9366957 0.9486394 0.9469638 0.9415786 0.9472177 0.9513031 0.9676451 0.9457537 0.9435889 0.9410594 0.9555061 0.9705262 0.9705262 0.9788279 0.9683454 0.9827206 0.8984206 0.9488807 1.4055717 1.5972888 1.6791282 2.0993517 2.1228303 2.1007067 2.1015883 2.1046900 2.1163484 2.1042403 2.1436278 2.1020977 2.1150910 2.1091750 2.0938243 2.1098248 2.1066220 2.1059758 2.1435520 2.0855872 2.1115448 2.0999438 2.1158427 2.1421140 2.1349880 2.1320869 2.1410948 2.1723768 2.1720885 2.1686840 2.1116886 2.1170053 2.1144044 2.0677618 2.2093161 2.1189023 2.3159522 2.4383613 5.5878406 
X56019.1    0.6587727 0.6823957 0.6829903 0.5738221 0.8010673 0.1126996 0.1126295 0.1005180 0.0924582 0.0012238 0.0000010 0.0000000 0.1411535 0.1428483 0.1435906 0.1428892 0.2052638 0.4415799 0.4415799 0.9366957 0.9486394 0.9469638 0.9415786 0.9472177 0.9513031 0.9676451 0.9457537 0.9435889 0.9410594 0.9555061 0.9705262 0.9705262 0.9788279 0.9683454 0.9827206 0.8984206 0.9488807 1.4055717 1.5972888 1.6791282 2.0993517 2.1228303 2.1007067 2.1015883 2.1046900 2.1163484 2.1042403 2.1436278 2.1020977 2.1150910 2.1091750 2.0938243 2.1098248 2.1066220 2.1059758 2.1435520 2.0855872 2.1115448 2.0999438 2.1158427 2.1421140 2.1349880 2.1320869 2.1410948 2.1723768 2.1720885 2.1686840 2.1116886 2.1170053 2.1144044 2.0677618 2.2093161 2.1189023 2.3159522 2.4383613 5.5878406 
JX443418.1  0.6406660 0.6570052 0.6628186 0.5521384 0.8085885 0.1353940 0.1360864 0.1426864 0.1159664 0.1421958 0.1411535 0.1411535 0.0000000 0.0039456 0.0046917 0.1534471 0.1707168 0.4545241 0.4545241 0.9526815 0.9549764 0.9543905 0.9509467 0.9644307 0.9671456 0.9715885 0.9515554 0.9513026 0.9496464 0.9625046 0.9534814 0.9534814 0.9583547 0.9552911 0.9618754 0.9013356 0.9521976 1.4121575 1.5826472 1.6826211 2.0801904 2.0913388 2.0731550 2.0734076 2.0775354 2.0890331 2.0802854 2.1087148 2.0811046 2.0859875 2.0827594 2.0748058 2.0792245 2.0798858 2.0784911 2.1337736 2.0586337 2.0793906 2.0772683 2.0828153 2.0401096 2.0329650 2.0375166 2.0374978 2.1806729 2.1724989 2.1726095 2.0419767 2.0552827 2.0920389 2.0788192 2.1682384 2.0875744 2.3087110 2.4314828 6.0117803 
KF680264.1  0.6341981 0.6531874 0.6578138 0.5495488 0.8075557 0.1342684 0.1349579 0.1431071 0.1158799 0.1437804 0.1428483 0.1428483 0.0039456 0.0000000 0.0017154 0.1537635 0.1714126 0.4567201 0.4567201 0.9583909 0.9607052 0.9601147 0.9538070 0.9645547 0.9663483 0.9706864 0.9561909 0.9584933 0.9536856 0.9632114 0.9561482 0.9561482 0.9558219 0.9576401 0.9610762 0.9034126 0.9562653 1.4230402 1.5907472 1.6906069 2.0791239 2.1045435 2.0804598 2.0813302 2.0829751 2.0945209 2.0857391 2.1091554 2.0789982 2.0932309 2.0873719 2.0802110 2.0880422 2.0895095 2.0842583 2.1283403 2.0688297 2.0863957 2.0810981 2.0906313 2.0514096 2.0411734 2.0443106 2.0449134 2.1683539 2.1603629 2.1569591 2.0458310 2.0509983 2.0894110 2.0775680 2.1719175 2.0832585 2.3036944 2.4551809 5.9616038 
M20301.1    0.6338870 0.6516778 0.6570885 0.5509201 0.8034376 0.1335664 0.1342544 0.1431376 0.1161970 0.1445249 0.1435906 0.1435906 0.0046917 0.0017154 0.0000000 0.1541993 0.1720577 0.4564062 0.4564062 0.9539826 0.9562865 0.9556983 0.9505126 0.9625300 0.9619081 0.9664200 0.9524917 0.9547860 0.9499948 0.9608535 0.9534282 0.9534282 0.9547527 0.9565693 0.9599889 0.9011961 0.9538722 1.4250578 1.5894766 1.6900872 2.0730219 2.0984380 2.0743511 2.0752176 2.0768555 2.0883624 2.0796074 2.1025725 2.0728880 2.0870641 2.0812248 2.0740899 2.0819004 2.0833570 2.0781371 2.1221449 2.0627525 2.0802567 2.0749786 2.0844947 2.0468445 2.0366191 2.0397602 2.0403285 2.1704086 2.1624077 2.1590019 2.0472370 2.0524084 2.0899194 2.0805826 2.1708104 2.0799456 2.2978943 2.4487080 5.9614058 
HQ652539.1  0.6553891 0.6740284 0.6675581 0.5658978 0.8131779 0.1451746 0.1456593 0.1450791 0.1359599 0.1438031 0.1428892 0.1428892 0.1534471 0.1537635 0.1541993 0.0000000 0.2031636 0.4602647 0.4602647 0.9419911 0.9508794 0.9492019 0.9442224 0.9463693 0.9548994 0.9590068 0.9591387 0.9623507 0.9606055 0.9629001 0.9596880 0.9596880 0.9738266 0.9854488 0.9906474 0.9213517 0.9620139 1.4140981 1.5853360 1.6952124 2.0970280 2.1219504 2.0951498 2.0970054 2.1029426 2.1136317 2.1015386 2.1269351 2.0965301 2.1020099 2.1005893 2.0911300 2.1033742 2.1043715 2.0982230 2.1379451 2.0852089 2.1029556 2.0891105 2.1148742 2.1291805 2.1206117 2.1091570 2.1137872 2.1818875 2.1786609 2.1737766 2.1012005 2.1050485 2.1067924 2.0465037 2.2446963 2.1258070 2.3490136 2.4504411 5.7588919 
EU718733.1  0.6642162 0.6783754 0.6824070 0.5623250 0.8163033 0.2051958 0.2062933 0.2076732 0.2011656 0.2059753 0.2052638 0.2052638 0.1707168 0.1714126 0.1720577 0.2031636 0.0000000 0.4722814 0.4722814 0.9391200 0.9350663 0.9344900 0.9395749 0.9458160 0.9352221 0.9490843 0.9404438 0.9402150 0.9376347 0.9645722 0.9576719 0.9576719 0.9487480 0.9603491 0.9602592 0.9161043 0.9353720 1.4173509 1.5787572 1.6960957 2.0880551 2.1100418 2.0876657 2.0917423 2.0948710 2.1068227 2.0948169 2.1200663 2.0876330 2.1018618 2.0992382 2.0902494 2.0966684 2.0938858 2.0933294 2.1321032 2.0755077 2.0917832 2.0901854 2.1112282 2.1561030 2.1504497 2.1580491 2.1448019 2.1719772 2.1639941 2.1648992 2.0583329 2.0597860 2.0413902 1.9943688 2.2834832 2.0396268 2.3557669 2.5452003 6.1199004 
MF139053.1  0.6448417 0.6621702 0.6566538 0.5423890 0.7937174 0.4553285 0.4546495 0.4524809 0.4563747 0.4431516 0.4415799 0.4415799 0.4545241 0.4567201 0.4564062 0.4602647 0.4722814 0.0000000 0.0000010 0.9656037 0.9702121 0.9700270 0.9739715 0.9947655 0.9812810 0.9899946 0.9642764 0.9705054 0.9628798 0.9680614 0.9526469 0.9526469 0.9533446 0.9561480 0.9603151 0.9059092 0.9599244 1.4179285 1.5189752 1.7388993 2.2254195 2.2323933 2.2107052 2.2125202 2.2187171 2.2180490 2.2153014 2.2562012 2.2233035 2.2240227 2.2162714 2.2078734 2.2149586 2.2119003 2.2202618 2.2593727 2.2032227 2.2231021 2.2228381 2.2298025 2.2249288 2.2178329 2.2277372 2.1977089 2.2980818 2.2945173 2.2889771 2.2269279 2.2403875 2.2607025 2.2406978 2.3614463 2.1961320 2.3818581 2.5918045 5.9074991 
MF172923.1  0.6448417 0.6621702 0.6566538 0.5423890 0.7937174 0.4553285 0.4546495 0.4524809 0.4563747 0.4431516 0.4415799 0.4415799 0.4545241 0.4567201 0.4564062 0.4602647 0.4722814 0.0000010 0.0000000 0.9656037 0.9702121 0.9700270 0.9739715 0.9947655 0.9812810 0.9899946 0.9642764 0.9705054 0.9628798 0.9680614 0.9526469 0.9526469 0.9533446 0.9561480 0.9603151 0.9059092 0.9599244 1.4179285 1.5189752 1.7388993 2.2254195 2.2323933 2.2107052 2.2125202 2.2187171 2.2180490 2.2153014 2.2562012 2.2233035 2.2240227 2.2162714 2.2078734 2.2149586 2.2119003 2.2202618 2.2593727 2.2032227 2.2231021 2.2228381 2.2298025 2.2249288 2.2178329 2.2277372 2.1977089 2.2980818 2.2945173 2.2889771 2.2269279 2.2403875 2.2607025 2.2406978 2.3614463 2.1961320 2.3818581 2.5918045 5.9074991 
AB983594.1  0.7037928 0.7006533 0.7150344 0.8550956 0.6553554 0.9235793 0.9266145 0.9344529 0.9531215 0.9381154 0.9366957 0.9366957 0.9526815 0.9583909 0.9539826 0.9419911 0.9391200 0.9656037 0.9656037 0.0000000 0.0152343 0.0145811 0.0251545 0.0220607 0.0241424 0.0379207 0.1038926 0.1050787 0.1057710 0.1451134 0.2524560 0.2524560 0.2606990 0.2584866 0.2579261 0.2452828 0.2608771 1.4317066 1.6084530 1.7323779 2.2199058 2.2317751 2.2128419 2.2105446 2.2145536 2.2194533 2.2126506 2.2250493 2.2183004 2.2151571 2.2122922 2.2031721 2.2108636 2.2146665 2.2111679 2.2749860 2.2104470 2.2096000 2.2106083 2.2245626 2.2715557 2.2658626 2.2511107 2.2389680 2.2067136 2.2082818 2.1987542 2.3091335 2.3155810 2.2340857 2.2561456 2.2639696 2.2278083 2.2800010 2.5695764 5.8066874 
AB983595.1  0.7173235 0.7133654 0.7255585 0.8672863 0.6641637 0.9348290 0.9373548 0.9460158 0.9549969 0.9487897 0.9486394 0.9486394 0.9549764 0.9607052 0.9562865 0.9508794 0.9350663 0.9702121 0.9702121 0.0152343 0.0000000 0.0006200 0.0217032 0.0325338 0.0287868 0.0457626 0.1106638 0.1125940 0.1139568 0.1497322 0.2564820 0.2564820 0.2649116 0.2623406 0.2627620 0.2496669 0.2669554 1.4281012 1.6223959 1.7378627 2.2323684 2.2472113 2.2217260 2.2194253 2.2265422 2.2300004 2.2246297 2.2385903 2.2272382 2.2209921 2.2181202 2.2124613 2.2197533 2.2235849 2.2200483 2.2876748 2.2224133 2.2184875 2.2214802 2.2350677 2.2928077 2.2871398 2.2737771 2.2631500 2.2258903 2.2274714 2.2178634 2.2971271 2.3035248 2.2419925 2.2582528 2.2923834 2.2379668 2.2873026 2.6049025 5.8156788 
HQ902242.1  0.7163971 0.7128476 0.7246201 0.8676711 0.6641173 0.9342525 0.9367769 0.9454335 0.9544096 0.9471138 0.9469638 0.9469638 0.9543905 0.9601147 0.9556983 0.9492019 0.9344900 0.9700270 0.9700270 0.0145811 0.0006200 0.0000000 0.0210344 0.0318368 0.0283716 0.0453170 0.1104781 0.1120497 0.1134115 0.1491313 0.2556237 0.2556237 0.2645750 0.2620059 0.2624225 0.2492994 0.2670812 1.4289508 1.6202076 1.7368821 2.2323684 2.2472113 2.2217260 2.2194253 2.2265422 2.2314749 2.2246297 2.2385903 2.2272382 2.2209921 2.2181202 2.2124613 2.2197533 2.2235849 2.2200483 2.2876748 2.2224133 2.2184875 2.2214802 2.2350677 2.2928077 2.2871398 2.2737771 2.2631500 2.2253840 2.2269649 2.2173583 2.3002390 2.3066502 2.2450561 2.2613122 2.2884753 2.2374420 2.2873622 2.6027814 5.8076063 
KP972594.1  0.7094604 0.7036043 0.7171381 0.8671640 0.6557058 0.9280405 0.9320213 0.9389712 0.9501114 0.9417276 0.9415786 0.9415786 0.9509467 0.9538070 0.9505126 0.9442224 0.9395749 0.9739715 0.9739715 0.0251545 0.0217032 0.0210344 0.0000000 0.0419960 0.0383192 0.0507701 0.1157607 0.1165220 0.1177245 0.1529045 0.2570788 0.2570788 0.2647626 0.2637887 0.2646511 0.2495034 0.2689737 1.4273928 1.6199010 1.7308490 2.2355347 2.2618246 2.2285775 2.2262739 2.2306273 2.2391026 2.2287123 2.2397723 2.2304003 2.2250735 2.2221970 2.2156056 2.2238274 2.2286010 2.2268967 2.2892667 2.2234065 2.2234871 2.2225932 2.2422747 2.2925152 2.2823767 2.2813424 2.2650623 2.2236611 2.2217754 2.2156447 2.3242438 2.3307496 2.2597838 2.2926890 2.2722395 2.2361847 2.2684465 2.5643223 5.8815363 
FM207487.1  0.7184373 0.7148111 0.7312656 0.8699394 0.6580922 0.9342309 0.9372995 0.9514607 0.9670442 0.9473677 0.9472177 0.9472177 0.9644307 0.9645547 0.9625300 0.9463693 0.9458160 0.9947655 0.9947655 0.0220607 0.0325338 0.0318368 0.0419960 0.0000000 0.0390222 0.0460106 0.1103422 0.1108314 0.1120726 0.1507630 0.2599650 0.2599650 0.2711806 0.2684377 0.2678798 0.2512129 0.2719598 1.4534224 1.6400168 1.7603156 2.2090966 2.2461557 2.2143963 2.2122081 2.2134613 2.2163283 2.2095317 2.2228302 2.2073325 2.2113889 2.2085263 2.1974528 2.2191011 2.2131023 2.2127189 2.2651966 2.2162235 2.2120021 2.2064392 2.2309086 2.3070746 2.2952675 2.2787835 2.2676847 2.1942666 2.1979450 2.1850650 2.3032863 2.3026358 2.2358011 2.2491616 2.2710014 2.2154566 2.3003956 2.6086637 5.8464236 
GU943513.1  0.7107500 0.7069035 0.7204989 0.8727644 0.6551730 0.9440711 0.9460781 0.9514280 0.9644823 0.9514538 0.9513031 0.9513031 0.9671456 0.9663483 0.9619081 0.9548994 0.9352221 0.9812810 0.9812810 0.0241424 0.0287868 0.0283716 0.0383192 0.0390222 0.0000000 0.0526186 0.1035946 0.1044773 0.1052590 0.1492808 0.2589050 0.2589050 0.2628768 0.2590937 0.2575703 0.2487698 0.2687279 1.4468354 1.6274472 1.7578485 2.2016038 2.2342493 2.2064631 2.2073357 2.2101308 2.2135615 2.2082296 2.2234753 2.1999275 2.2057430 2.2028884 2.1963365 2.2096183 2.2083534 2.2063311 2.2593854 2.2057220 2.2040951 2.2016054 2.2259902 2.2546769 2.2419456 2.2324792 2.2191322 2.1795348 2.1841867 2.1733542 2.2999951 2.3004132 2.2625840 2.2462894 2.3072932 2.2312055 2.2738555 2.5833852 5.7893751 
HQ162476.1  0.7197653 0.7133637 0.7157918 0.8908668 0.6595863 0.9454269 0.9462590 0.9568512 0.9771045 0.9677985 0.9676451 0.9676451 0.9715885 0.9706864 0.9664200 0.9590068 0.9490843 0.9899946 0.9899946 0.0379207 0.0457626 0.0453170 0.0507701 0.0460106 0.0526186 0.0000000 0.1111964 0.1116048 0.1125927 0.1469752 0.2627910 0.2627910 0.2696431 0.2728506 0.2652402 0.2478712 0.2645385 1.4632924 1.6026334 1.7690051 2.1939424 2.2278391 2.1991981 2.2000634 2.1981736 2.2044795 2.1962834 2.1864457 2.1921779 2.1961803 2.1933404 2.1873911 2.2003720 2.1998933 2.1975287 2.2518110 2.1969177 2.1998712 2.1928776 2.2141056 2.2829085 2.2724638 2.2763577 2.2592949 2.1963842 2.2004815 2.1889131 2.3253768 2.3249532 2.2216539 2.2649583 2.2622694 2.1936958 2.2791873 2.5727610 5.8612519 
HM181997.1  0.7037508 0.7012287 0.7052760 0.8809604 0.6498312 0.9340955 0.9353045 0.9506702 0.9585572 0.9459049 0.9457537 0.9457537 0.9515554 0.9561909 0.9524917 0.9591387 0.9404438 0.9642764 0.9642764 0.1038926 0.1106638 0.1104781 0.1157607 0.1103422 0.1035946 0.1111964 0.0000000 0.0074946 0.0100723 0.1391266 0.2416007 0.2416007 0.2487384 0.2562529 0.2539695 0.2254536 0.2485987 1.4411669 1.6138503 1.7295224 2.1346337 2.1533705 2.1294005 2.1241902 2.1251922 2.1351940 2.1300307 2.1633995 2.1313451 2.1296500 2.1268800 2.1254008 2.1304358 2.1290327 2.1312049 2.1953572 2.1240354 2.1242477 2.1304421 2.1431625 2.2262404 2.2181135 2.2115356 2.1913696 2.1844199 2.1844112 2.1734407 2.1998940 2.2152055 2.1987311 2.1889939 2.2467193 2.2037727 2.2591727 2.4871670 5.6328172 
HM181998.1  0.7038234 0.7046331 0.7080977 0.8847446 0.6512600 0.9340807 0.9352897 0.9484868 0.9552515 0.9437398 0.9435889 0.9435889 0.9513026 0.9584933 0.9547860 0.9623507 0.9402150 0.9705054 0.9705054 0.1050787 0.1125940 0.1120497 0.1165220 0.1108314 0.1044773 0.1116048 0.0074946 0.0000000 0.0103458 0.1403267 0.2441601 0.2441601 0.2507520 0.2575565 0.2550807 0.2280851 0.2496202 1.4434408 1.6129976 1.7401570 2.1403983 2.1566297 2.1342576 2.1290365 2.1309187 2.1409550 2.1357759 2.1693096 2.1371031 2.1354005 2.1326222 2.1311422 2.1361819 2.1347836 2.1360682 2.2005042 2.1297629 2.1314625 2.1328317 2.1489445 2.2212665 2.2136588 2.2098981 2.1867073 2.1897735 2.1897634 2.1787736 2.2180033 2.2334632 2.2013145 2.2002565 2.2525217 2.2137520 2.2512394 2.4919863 5.6293667 
HM181999.1  0.7017957 0.7032210 0.7049253 0.8766951 0.6524399 0.9344130 0.9356226 0.9491383 0.9529316 0.9412099 0.9410594 0.9410594 0.9496464 0.9536856 0.9499948 0.9606055 0.9376347 0.9628798 0.9628798 0.1057710 0.1139568 0.1134115 0.1177245 0.1120726 0.1052590 0.1125927 0.0100723 0.0103458 0.0000000 0.1407293 0.2400332 0.2400332 0.2489772 0.2556942 0.2529940 0.2270667 0.2506057 1.4351466 1.6112072 1.7192856 2.1293363 2.1461156 2.1232582 2.1180626 2.1199291 2.1298999 2.1247508 2.1561821 2.1260536 2.1243653 2.1216026 2.1201242 2.1251550 2.1237475 2.1250546 2.1897094 2.1187714 2.1189826 2.1218174 2.1378497 2.2203650 2.2107190 2.2028959 2.1797431 2.1730563 2.1730504 2.1621444 2.1999462 2.2152546 2.1872138 2.1856094 2.2477646 2.1970976 2.2574835 2.4954855 5.6270936 
HM181996.1  0.7282121 0.7260773 0.7307021 0.8823767 0.6549358 0.9519482 0.9536859 0.9601981 0.9883851 0.9556589 0.9555061 0.9555061 0.9625046 0.9632114 0.9608535 0.9629001 0.9645722 0.9680614 0.9680614 0.1451134 0.1497322 0.1491313 0.1529045 0.1507630 0.1492808 0.1469752 0.1391266 0.1403267 0.1407293 0.0000000 0.2288183 0.2288183 0.2445700 0.2667988 0.2635239 0.2323886 0.2621715 1.4182809 1.6115994 1.7674004 2.1708582 2.1902614 2.1694542 2.1641580 2.1580677 2.1662587 2.1595970 2.1919146 2.1673467 2.1658870 2.1630695 2.1572244 2.1647424 2.1697884 2.1713080 2.2284128 2.1614008 2.1663695 2.1625557 2.1701352 2.2419530 2.2324440 2.2332093 2.2043026 2.2191045 2.2201252 2.2144770 2.2923739 2.3003891 2.2308190 2.2089321 2.2832254 2.1856640 2.2312190 2.4877779 5.6006145 
EF165067.2  0.7012861 0.6904846 0.6946491 0.8779375 0.6509153 0.9642609 0.9662660 0.9724140 0.9840686 0.9743278 0.9705262 0.9705262 0.9534814 0.9561482 0.9534282 0.9596880 0.9576719 0.9526469 0.9526469 0.2524560 0.2564820 0.2556237 0.2570788 0.2599650 0.2589050 0.2627910 0.2416007 0.2441601 0.2400332 0.2288183 0.0000000 0.0000010 0.2136496 0.2395417 0.2392029 0.2123663 0.2435519 1.4626476 1.6176804 1.6899268 2.1808293 2.1851441 2.1769983 2.1717231 2.1742457 2.1814433 2.1762862 2.2063772 2.1856765 2.1795775 2.1733423 2.1738033 2.1818975 2.1781375 2.1822676 2.2418340 2.1780095 2.1876301 2.1800495 2.1870133 2.2035536 2.1977915 2.1961742 2.1726945 2.1714768 2.1660771 2.1600261 2.2036815 2.2111946 2.2830101 2.2215060 2.2595968 2.2415856 2.2546501 2.5747643 5.5588007 
NC_009448.2 0.7012861 0.6904846 0.6946491 0.8779375 0.6509153 0.9642609 0.9662660 0.9724140 0.9840686 0.9743278 0.9705262 0.9705262 0.9534814 0.9561482 0.9534282 0.9596880 0.9576719 0.9526469 0.9526469 0.2524560 0.2564820 0.2556237 0.2570788 0.2599650 0.2589050 0.2627910 0.2416007 0.2441601 0.2400332 0.2288183 0.0000010 0.0000000 0.2136496 0.2395417 0.2392029 0.2123663 0.2435519 1.4626476 1.6176804 1.6899268 2.1808293 2.1851441 2.1769983 2.1717231 2.1742457 2.1814433 2.1762862 2.2063772 2.1856765 2.1795775 2.1733423 2.1738033 2.1818975 2.1781375 2.1822676 2.2418340 2.1780095 2.1876301 2.1800495 2.1870133 2.2035536 2.1977915 2.1961742 2.1726945 2.1714768 2.1660771 2.1600261 2.2036815 2.2111946 2.2830101 2.2215060 2.2595968 2.2415856 2.2546501 2.5747643 5.5588007 
GU595289.1  0.7221938 0.7331559 0.7383916 0.8855161 0.6659668 0.9567285 0.9583451 0.9736332 0.9960742 0.9803576 0.9788279 0.9788279 0.9583547 0.9558219 0.9547527 0.9738266 0.9487480 0.9533446 0.9533446 0.2606990 0.2649116 0.2645750 0.2647626 0.2711806 0.2628768 0.2696431 0.2487384 0.2507520 0.2489772 0.2445700 0.2136496 0.2136496 0.0000000 0.0671530 0.0653892 0.1306055 0.1705303 1.4329188 1.6423459 1.6742068 2.1776809 2.2059686 2.1902518 2.1849305 2.1803137 2.1885771 2.1833877 2.2006950 2.1837104 2.1876771 2.1813973 2.1764951 2.1891267 2.1886371 2.1921245 2.2384845 2.1876105 2.1866184 2.1805887 2.1951138 2.2439817 2.2320607 2.2272068 2.2176985 2.1391150 2.1406393 2.1314075 2.2721290 2.2717113 2.1818149 2.1586424 2.2030268 2.1763013 2.2713867 2.4649755 5.7300182 
JF813004.1  0.7098697 0.7110663 0.7210997 0.8905434 0.6529871 0.9730856 0.9747289 0.9755489 0.9999738 0.9698586 0.9683454 0.9683454 0.9552911 0.9576401 0.9565693 0.9854488 0.9603491 0.9561480 0.9561480 0.2584866 0.2623406 0.2620059 0.2637887 0.2684377 0.2590937 0.2728506 0.2562529 0.2575565 0.2556942 0.2667988 0.2395417 0.2395417 0.0671530 0.0000000 0.0137818 0.1440968 0.1769895 1.4206532 1.6399114 1.6416635 2.1236708 2.1389605 2.1214621 2.1163137 2.1215488 2.1261934 2.1244909 2.1445782 2.1259046 2.1226363 2.1165945 2.1165064 2.1228835 2.1197780 2.1183696 2.1850000 2.1228412 2.1210086 2.1168991 2.1318450 2.1719206 2.1662036 2.1587582 2.1468270 2.1483653 2.1512872 2.1401898 2.2289040 2.2386607 2.1724503 2.1709874 2.1938686 2.1835282 2.2484718 2.5272332 5.9365937 
NC_010810.1 0.7095410 0.7187977 0.7185702 0.8917940 0.6535321 0.9815159 0.9805909 0.9831797 1.0022836 0.9842728 0.9827206 0.9827206 0.9618754 0.9610762 0.9599889 0.9906474 0.9602592 0.9603151 0.9603151 0.2579261 0.2627620 0.2624225 0.2646511 0.2678798 0.2575703 0.2652402 0.2539695 0.2550807 0.2529940 0.2635239 0.2392029 0.2392029 0.0653892 0.0137818 0.0000000 0.1435732 0.1737422 1.4383747 1.6366925 1.6556582 2.1144050 2.1414877 2.1286199 2.1233915 2.1275688 2.1322864 2.1305592 2.1495481 2.1208734 2.1274338 2.1213014 2.1194624 2.1289280 2.1283609 2.1269644 2.1780760 2.1288877 2.1293962 2.1234589 2.1408363 2.1596293 2.1494195 2.1497440 2.1382799 2.1268283 2.1297457 2.1186513 2.1974847 2.2007105 2.1465587 2.1423229 2.2109065 2.1599367 2.2416608 2.5245762 5.9609822 
MH778548.1  0.6653933 0.6647018 0.6785923 0.8140665 0.6454942 0.8908010 0.8928735 0.9181258 0.9322922 0.9002399 0.8984206 0.8984206 0.9013356 0.9034126 0.9011961 0.9213517 0.9161043 0.9059092 0.9059092 0.2452828 0.2496669 0.2492994 0.2495034 0.2512129 0.2487698 0.2478712 0.2254536 0.2280851 0.2270667 0.2323886 0.2123663 0.2123663 0.1306055 0.1440968 0.1435732 0.0000000 0.1662434 1.3866879 1.5779309 1.6262932 2.1080194 2.1231338 2.0989912 2.0969167 2.0964093 2.1052944 2.0979378 2.1314865 2.1102800 2.1022454 2.0959291 2.0919474 2.1077981 2.1035641 2.1055255 2.1663587 2.1073489 2.1042259 2.1016716 2.1070904 2.1960444 2.1897804 2.1716450 2.1410467 2.0837110 2.0869042 2.0773803 2.1424757 2.1492031 2.1211351 2.1052992 2.3108851 2.1558700 2.2289305 2.4832868 5.4715640 
OL519583.1  0.7096856 0.7203041 0.7157660 0.8775077 0.6568604 0.9454787 0.9461954 0.9524691 0.9718180 0.9498767 0.9488807 0.9488807 0.9521976 0.9562653 0.9538722 0.9620139 0.9353720 0.9599244 0.9599244 0.2608771 0.2669554 0.2670812 0.2689737 0.2719598 0.2687279 0.2645385 0.2485987 0.2496202 0.2506057 0.2621715 0.2435519 0.2435519 0.1705303 0.1769895 0.1737422 0.1662434 0.0000000 1.4140508 1.6231657 1.6911129 2.1505965 2.1622051 2.1500507 2.1447876 2.1445069 2.1498183 2.1495000 2.1711105 2.1515281 2.1512832 2.1484787 2.1469354 2.1526145 2.1433929 2.1527848 2.2024005 2.1506475 2.1548003 2.1513831 2.1583395 2.1843111 2.1813947 2.1842035 2.1617735 2.1338875 2.1338911 2.1245946 2.2288384 2.2365782 2.1789888 2.1296605 2.3759187 2.1978103 2.2799687 2.5188091 5.9666790 
MZ382838.1  1.3750938 1.3610953 1.4010303 1.4532663 1.4496300 1.3758915 1.3753140 1.3960169 1.4191728 1.4089373 1.4055717 1.4055717 1.4121575 1.4230402 1.4250578 1.4140981 1.4173509 1.4179285 1.4179285 1.4317066 1.4281012 1.4289508 1.4273928 1.4534224 1.4468354 1.4632924 1.4411669 1.4434408 1.4351466 1.4182809 1.4626476 1.4626476 1.4329188 1.4206532 1.4383747 1.3866879 1.4140508 0.0000000 1.0503380 1.4228230 2.3364995 2.3669265 2.3371797 2.3299769 2.3349742 2.3515867 2.3399465 2.3268989 2.3443392 2.3371673 2.3304902 2.3326710 2.3398379 2.3355062 2.3338302 2.4085682 2.3150798 2.3274361 2.3421656 2.3409882 2.3733811 2.3727753 2.3712503 2.3453180 2.4341423 2.4409368 2.4352370 2.3366258 2.3450765 2.3821810 2.3797170 2.4012024 2.4064864 2.3882957 2.6514002 7.6708904 
NC_075977.1 1.4735150 1.4496671 1.4431751 1.4941077 1.5328807 1.5859250 1.5857598 1.5675605 1.6029500 1.6002190 1.5972888 1.5972888 1.5826472 1.5907472 1.5894766 1.5853360 1.5787572 1.5189752 1.5189752 1.6084530 1.6223959 1.6202076 1.6199010 1.6400168 1.6274472 1.6026334 1.6138503 1.6129976 1.6112072 1.6115994 1.6176804 1.6176804 1.6423459 1.6399114 1.6366925 1.5779309 1.6231657 1.0503380 0.0000000 1.5180415 2.0097351 2.0430433 2.0004107 1.9972420 1.9956688 2.0000037 1.9984255 2.0021776 1.9956897 1.9992427 1.9921536 1.9941869 1.9979552 2.0001154 2.0075125 2.0677498 1.9786200 1.9995426 2.0007795 2.0092565 2.0734401 2.0691156 2.0555052 2.0590608 2.1648562 2.1686502 2.1699028 2.1329318 2.1413722 2.1377758 2.1036067 2.1089627 2.1164325 2.1483294 2.6298105 7.2274362 
NC_076099.1 1.6275828 1.6553299 1.6409070 1.6833791 1.7816806 1.7168546 1.7151829 1.6877770 1.7107740 1.6841393 1.6791282 1.6791282 1.6826211 1.6906069 1.6900872 1.6952124 1.6960957 1.7388993 1.7388993 1.7323779 1.7378627 1.7368821 1.7308490 1.7603156 1.7578485 1.7690051 1.7295224 1.7401570 1.7192856 1.7674004 1.6899268 1.6899268 1.6742068 1.6416635 1.6556582 1.6262932 1.6911129 1.4228230 1.5180415 0.0000000 2.3364597 2.3773778 2.3474476 2.3381444 2.3390325 2.3420535 2.3332468 2.3551265 2.3342942 2.3381323 2.3329680 2.3346541 2.3331448 2.3373666 2.3423840 2.4116454 2.3277084 2.3302876 2.3455235 2.3560598 2.3862102 2.3716824 2.3846810 2.3636320 2.4136483 2.4141281 2.4027901 2.3386438 2.3511111 2.3709559 2.3798006 2.2740878 2.3335343 2.4172478 3.0502364 7.5731940 
AF356822.1  2.0291005 2.0540736 2.0510732 2.1597424 2.2105480 2.0524775 2.0469622 2.0732955 2.0963583 2.0976459 2.0993517 2.0993517 2.0801904 2.0791239 2.0730219 2.0970280 2.0880551 2.2254195 2.2254195 2.2199058 2.2323684 2.2323684 2.2355347 2.2090966 2.2016038 2.1939424 2.1346337 2.1403983 2.1293363 2.1708582 2.1808293 2.1808293 2.1776809 2.1236708 2.1144050 2.1080194 2.1505965 2.3364995 2.0097351 2.3364597 0.0000000 0.0005202 0.0020883 0.0023503 0.0032716 0.0044611 0.0039333 0.0027863 0.0027515 0.0036749 0.0034111 0.0038054 0.0035382 0.0043373 0.0038022 0.0051198 0.0053941 0.0042060 0.0043390 0.0071326 0.1557362 0.1558120 0.1521113 0.1530268 0.2406662 0.2401493 0.2380565 0.3112714 0.3115632 0.3380479 0.3256389 0.3307357 0.3282250 0.6255011 2.7613587 6.7515824 
KM269482.1  2.0604083 2.0871620 2.0860112 2.1886325 2.2448861 2.0787488 2.0732325 2.0982435 2.1193260 2.1211187 2.1228303 2.1228303 2.0913388 2.1045435 2.0984380 2.1219504 2.1100418 2.2323933 2.2323933 2.2317751 2.2472113 2.2472113 2.2618246 2.2461557 2.2342493 2.2278391 2.1533705 2.1566297 2.1461156 2.1902614 2.1851441 2.1851441 2.2059686 2.1389605 2.1414877 2.1231338 2.1622051 2.3669265 2.0430433 2.3773778 0.0005202 0.0000000 0.0020849 0.0020849 0.0030047 0.0041914 0.0036648 0.0026437 0.0024881 0.0034061 0.0031429 0.0034060 0.0031385 0.0039342 0.0037959 0.0047767 0.0049888 0.0038032 0.0042012 0.0068550 0.1518288 0.1527641 0.1490249 0.1508972 0.2351211 0.2346982 0.2332003 0.3083147 0.3088726 0.3371710 0.3251305 0.3299214 0.3274792 0.6249926 2.7762772 6.8172203 
DQ464062.1  2.0376017 2.0580253 2.0564023 2.1646779 2.2214089 2.0506374 2.0451261 2.0727608 2.0958249 2.0989986 2.1007067 2.1007067 2.0731550 2.0804598 2.0743511 2.0951498 2.0876657 2.2107052 2.2107052 2.2128419 2.2217260 2.2217260 2.2285775 2.2143963 2.2064631 2.1991981 2.1294005 2.1342576 2.1232582 2.1694542 2.1769983 2.1769983 2.1902518 2.1214621 2.1286199 2.0989912 2.1500507 2.3371797 2.0004107 2.3474476 0.0020883 0.0020849 0.0000000 0.0013019 0.0022189 0.0031392 0.0034023 0.0033439 0.0023574 0.0030127 0.0027497 0.0035386 0.0032716 0.0038039 0.0032700 0.0048573 0.0048593 0.0039372 0.0040712 0.0063259 0.1567093 0.1569006 0.1530811 0.1540226 0.2421172 0.2419116 0.2398092 0.3134594 0.3135902 0.3395666 0.3279216 0.3326395 0.3295815 0.6274628 2.7520458 6.7904336 
KF709977.1  2.0364816 2.0569092 2.0552715 2.1596930 2.2156307 2.0546301 2.0491057 2.0786886 2.0953574 2.1008573 2.1015883 2.1015883 2.0734076 2.0813302 2.0752176 2.0970054 2.0917423 2.2125202 2.2125202 2.2105446 2.2194253 2.2194253 2.2262739 2.2122081 2.2073357 2.2000634 2.1241902 2.1290365 2.1180626 2.1641580 2.1717231 2.1717231 2.1849305 2.1163137 2.1233915 2.0969167 2.1447876 2.3299769 1.9972420 2.3381444 0.0023503 0.0020849 0.0013019 0.0000000 0.0014328 0.0026120 0.0026118 0.0036229 0.0026195 0.0031444 0.0027486 0.0038022 0.0031399 0.0038039 0.0035339 0.0051219 0.0045944 0.0036709 0.0028819 0.0049934 0.1562419 0.1564324 0.1522091 0.1531458 0.2409780 0.2402422 0.2381484 0.3123968 0.3133592 0.3375165 0.3260395 0.3304573 0.3293232 0.6271115 2.7361886 6.7310668 
DQ464063.1  2.0367519 2.0571833 2.0555488 2.1614824 2.2143372 2.0576080 2.0548586 2.0817494 2.0984506 2.1039562 2.1046900 2.1046900 2.0775354 2.0829751 2.0768555 2.1029426 2.0948710 2.2187171 2.2187171 2.2145536 2.2265422 2.2265422 2.2306273 2.2134613 2.2101308 2.1981736 2.1251922 2.1309187 2.1199291 2.1580677 2.1742457 2.1742457 2.1803137 2.1215488 2.1275688 2.0964093 2.1445069 2.3349742 1.9956688 2.3390325 0.0032716 0.0030047 0.0022189 0.0014328 0.0000000 0.0014331 0.0014331 0.0046072 0.0035432 0.0040694 0.0036718 0.0047291 0.0040636 0.0047317 0.0044601 0.0060548 0.0055239 0.0045981 0.0038051 0.0057938 0.1567144 0.1568599 0.1530465 0.1539661 0.2418548 0.2411163 0.2389751 0.3139935 0.3146215 0.3387955 0.3275471 0.3317136 0.3300478 0.6272993 2.7355522 6.7529889 
KF836386.1  2.0422283 2.0625561 2.0643293 2.1685650 2.2249206 2.0661722 2.0634135 2.0946279 2.1114445 2.1156050 2.1163484 2.1163484 2.0890331 2.0945209 2.0883624 2.1136317 2.1068227 2.2180490 2.2180490 2.2194533 2.2300004 2.2314749 2.2391026 2.2163283 2.2135615 2.2044795 2.1351940 2.1409550 2.1298999 2.1662587 2.1814433 2.1814433 2.1885771 2.1261934 2.1322864 2.1052944 2.1498183 2.3515867 2.0000037 2.3420535 0.0044611 0.0041914 0.0031392 0.0026120 0.0014331 0.0000000 0.0015644 0.0055975 0.0044690 0.0042013 0.0040678 0.0056606 0.0049917 0.0044687 0.0055220 0.0069924 0.0067265 0.0056628 0.0044684 0.0068631 0.1574249 0.1575713 0.1533727 0.1542945 0.2411356 0.2411151 0.2386799 0.3125871 0.3132128 0.3392348 0.3295515 0.3307155 0.3313420 0.6276874 2.7545790 6.7682218 
KF836387.1  2.0353756 2.0572035 2.0555688 2.1615320 2.2225462 2.0557025 2.0529545 2.0845094 2.1012425 2.1035066 2.1042403 2.1042403 2.0802854 2.0857391 2.0796074 2.1015386 2.0948169 2.2153014 2.2153014 2.2126506 2.2246297 2.2246297 2.2287123 2.2095317 2.2082296 2.1962834 2.1300307 2.1357759 2.1247508 2.1595970 2.1762862 2.1762862 2.1833877 2.1244909 2.1305592 2.0979378 2.1495000 2.3399465 1.9984255 2.3332468 0.0039333 0.0036648 0.0034023 0.0026118 0.0014331 0.0015644 0.0000000 0.0050307 0.0044717 0.0044681 0.0043343 0.0047293 0.0047271 0.0043342 0.0052570 0.0060551 0.0064558 0.0052629 0.0039398 0.0068627 0.1570278 0.1571736 0.1529790 0.1538990 0.2408403 0.2401040 0.2379676 0.3120096 0.3126344 0.3373183 0.3270248 0.3311335 0.3304288 0.6265790 2.7451333 6.7457031 
LC508268.1  2.0638673 2.0754640 2.0798466 2.1566649 2.1949691 2.0731436 2.0757463 2.1045330 2.1323687 2.1417584 2.1436278 2.1436278 2.1087148 2.1091554 2.1025725 2.1269351 2.1200663 2.2562012 2.2562012 2.2250493 2.2385903 2.2385903 2.2397723 2.2228302 2.2234753 2.1864457 2.1633995 2.1693096 2.1561821 2.1919146 2.2063772 2.2063772 2.2006950 2.1445782 2.1495481 2.1314865 2.1711105 2.3268989 2.0021776 2.3551265 0.0027863 0.0026437 0.0033439 0.0036229 0.0046072 0.0055975 0.0050307 0.0000000 0.0036299 0.0047494 0.0044681 0.0040426 0.0033439 0.0040432 0.0050363 0.0051788 0.0048881 0.0048951 0.0051766 0.0073124 0.1650681 0.1651808 0.1604721 0.1617928 0.2567789 0.2559569 0.2534089 0.3321975 0.3318520 0.3542117 0.3440330 0.3310794 0.3443425 0.6238368 2.8086172 6.9162449 
KJ524643.1  2.0340903 2.0559603 2.0502358 2.1622249 2.2152750 2.0491475 2.0450199 2.0745497 2.0930223 2.1003857 2.1020977 2.1020977 2.0811046 2.0789982 2.0728880 2.0965301 2.0876330 2.2233035 2.2233035 2.2183004 2.2272382 2.2272382 2.2304003 2.2073325 2.1999275 2.1921779 2.1313451 2.1371031 2.1260536 2.1673467 2.1856765 2.1856765 2.1837104 2.1259046 2.1208734 2.1102800 2.1515281 2.3443392 1.9956897 2.3342942 0.0027515 0.0024881 0.0023574 0.0026195 0.0035432 0.0044690 0.0044717 0.0036299 0.0000000 0.0031479 0.0028845 0.0043398 0.0026198 0.0042101 0.0038110 0.0058026 0.0050028 0.0039463 0.0048746 0.0068827 0.1572368 0.1573137 0.1535899 0.1545149 0.2423602 0.2423394 0.2399334 0.3145210 0.3148762 0.3383902 0.3284168 0.3345662 0.3297973 0.6275120 2.7483959 6.7154568 
FJ897755.1  2.0403798 2.0608717 2.0578576 2.1703044 2.2244526 2.0589031 2.0547511 2.0873296 2.1045103 2.1133606 2.1150910 2.1150910 2.0859875 2.0932309 2.0870641 2.1020099 2.1018618 2.2240227 2.2240227 2.2151571 2.2209921 2.2209921 2.2250735 2.2113889 2.2057430 2.1961803 2.1296500 2.1354005 2.1243653 2.1658870 2.1795775 2.1795775 2.1876771 2.1226363 2.1274338 2.1022454 2.1512832 2.3371673 1.9992427 2.3381323 0.0036749 0.0034061 0.0030127 0.0031444 0.0040694 0.0042013 0.0044681 0.0047494 0.0031479 0.0000000 0.0010434 0.0048616 0.0036695 0.0043321 0.0048669 0.0062035 0.0059258 0.0051324 0.0056632 0.0075429 0.1585241 0.1586719 0.1548698 0.1558002 0.2416910 0.2421091 0.2397048 0.3150628 0.3155974 0.3401168 0.3289609 0.3321612 0.3311923 0.6260781 2.7506059 6.7596902 
KF771002.1  2.0377465 2.0582296 2.0551840 2.1627464 2.2165544 2.0531758 2.0490353 2.0814940 2.0986222 2.1086678 2.1091750 2.1091750 2.0827594 2.0873719 2.0812248 2.1005893 2.0992382 2.2162714 2.2162714 2.2122922 2.2181202 2.2181202 2.2221970 2.2085263 2.2028884 2.1933404 2.1268800 2.1326222 2.1216026 2.1630695 2.1733423 2.1733423 2.1813973 2.1165945 2.1213014 2.0959291 2.1484787 2.3304902 1.9921536 2.3329680 0.0034111 0.0031429 0.0027497 0.0027486 0.0036718 0.0040678 0.0043343 0.0044681 0.0028845 0.0010434 0.0000000 0.0045971 0.0034061 0.0043326 0.0046020 0.0059372 0.0056592 0.0045997 0.0049985 0.0071393 0.1582427 0.1583900 0.1545923 0.1555209 0.2412066 0.2416246 0.2392226 0.3144078 0.3149409 0.3382729 0.3271841 0.3324198 0.3308767 0.6256075 2.7428476 6.7339545 
