70
NC_001547.1 0.0000000 0.5644313 3.0497769 2.9620308 2.7894718 2.7952853 2.7935365 3.1081248 2.3274558 2.3973038 2.4629406 2.6653353 2.4876452 2.3906856 2.3923069 2.2049348 2.3495939 2.4447395 2.3957802 2.4032466 2.4260803 2.3852695 2.4133882 2.2321692 2.2424243 2.1200734 2.1850190 2.1656506 2.2140298 2.3282555 2.2913262 2.2938129 2.2675384 2.4451260 2.4041405 2.3087658 2.6261618 2.4745298 2.5025953 2.4396663 2.5628108 2.5662411 2.6199588 2.6347530 2.9939613 2.9476870 2.9294507 2.9242667 2.9415642 2.9450703 3.0033074 3.0327078 2.9975296 3.7235376 3.7144452 3.6832588 3.6832588 3.6824437 3.8144210 3.5358618 3.5169472 3.1693662 3.7210094 3.6208931 3.6820451 3.5797932 4.1855415 3.8745303 3.9139166 3.8277163 
PP766467    0.5644313 0.0000000 2.1392556 2.1199454 2.0746348 2.0640239 2.0561713 2.0314213 1.5997974 1.5662146 1.5684691 1.6530574 1.6792348 1.7849298 1.8032168 1.5920310 1.8043205 1.9562536 1.7509359 1.6962477 1.7270160 1.7988321 1.7547994 1.6675063 1.6635860 1.5778561 1.6242462 1.6003951 1.6731043 1.6549996 1.6463362 1.6831402 1.6620301 1.8156831 1.7817342 1.6281062 1.7540254 1.6607689 1.6514685 1.6977342 1.7440163 1.6873481 1.7089513 1.7357234 2.2577884 2.1476848 2.2011868 2.6103769 2.1824639 2.1727370 2.2058380 2.2573346 2.1551874 3.1314392 3.2065746 3.0677976 3.0677976 3.0744528 3.6221376 3.1284903 3.2000811 3.2136792 3.2542353 3.0647899 3.1017343 3.1292892 3.5974136 3.6771653 3.5847108 3.6871076 
KJ641691.1  3.0497769 2.1392556 0.0000000 0.5418666 0.9114167 0.9013469 0.9080986 0.9665283 2.1721305 2.1227955 2.0493876 2.1315518 2.1492746 2.1379709 2.1342877 1.8224846 2.1465097 2.3630706 2.2435805 2.1759312 2.1845530 2.2291475 2.2016022 2.0507844 2.0998100 2.0140297 2.0121605 2.0097298 1.9852481 2.0543911 2.0633268 2.0559511 2.0324542 2.1189225 2.1958212 2.1630476 2.2868324 2.1920242 2.2002428 2.1832966 2.1822157 2.2616947 2.1632712 2.1683049 2.5539492 2.5217117 2.5636203 2.7587514 2.6333579 2.6292861 2.5049701 2.3543251 2.4665183 3.3591867 3.4449954 3.4726220 3.4726220 3.4691985 3.6450327 3.6485630 3.5555761 3.5972899 3.3079229 3.2663022 3.3254310 3.3143752 3.5265307 3.5546355 3.6965103 3.7424674 
OR951280.1  2.9620308 2.1199454 0.5418666 0.0000000 0.7862605 0.7843882 0.7846394 0.9481706 2.1339151 2.1228174 2.0542281 2.1445837 2.0777004 2.1752788 2.1843468 2.0476575 2.1676044 2.2999382 2.1982089 2.2440924 2.2543617 2.2352266 2.3155447 2.0522142 2.0781790 2.1093136 2.0801856 2.0572632 2.0893816 2.0832926 2.1012132 2.0648766 2.0263799 2.0977363 2.1371911 2.1634057 2.1993580 2.1451541 2.1398680 2.1172913 2.2113274 2.2307875 2.1553243 2.1568830 2.7753859 2.6299384 2.6801286 3.0314089 2.7934827 2.7452733 2.6873342 2.1792182 2.2636138 3.6070660 3.5912455 3.4573324 3.4573324 3.4539963 3.5452407 3.6921583 3.4913361 3.0526051 3.3960401 3.0677624 3.2208529 3.3282991 3.3238673 3.6946243 3.4752907 3.5814215 
OP287812.1  2.7894718 2.0746348 0.9114167 0.7862605 0.0000000 0.0098541 0.0158998 0.4844514 1.9927781 2.0575200 1.9867110 2.1283205 2.0140545 2.2127448 2.2105494 2.0644278 2.2201479 2.3182102 2.3223257 2.2847705 2.3069451 2.3183781 2.2480272 2.0767954 2.0991256 1.9924697 2.0785430 2.0219838 2.0617926 2.0270297 2.0236404 2.0410888 1.9962923 2.0978977 2.1429029 2.1374702 2.2091249 2.1202617 2.0551567 2.1616903 2.2463572 2.1594576 2.2063398 2.2230786 2.6253264 2.6240721 2.6577321 2.7913806 2.6520758 2.6266826 2.5742000 2.0709453 2.2007134 3.5648316 3.5061771 3.3295069 3.3295069 3.3287602 3.6186517 3.6290313 3.4266871 3.3799258 3.2292434 3.0466453 3.1624046 3.1938212 3.5438069 3.6457844 3.2363321 3.5396903 
OQ818322.1  2.7952853 2.0640239 0.9013469 0.7843882 0.0098541 0.0000000 0.0158613 0.4855320 1.9948345 2.0624593 1.9784890 2.1246627 2.0191306 2.2235682 2.2153243 2.0735578 2.2294237 2.3173031 2.3179006 2.2920566 2.3232071 2.3315674 2.2564206 2.0804671 2.1017691 1.9935250 2.0683919 2.0219018 2.0559035 2.0267012 2.0258296 2.0341125 1.9934010 2.1017361 2.1401833 2.1491992 2.2163349 2.1198568 2.0434763 2.1632462 2.2401843 2.1668723 2.1821093 2.2144424 2.6334704 2.6281238 2.6499212 2.7953198 2.6520797 2.6266858 2.5743134 2.0684598 2.2028352 3.5617614 3.5152783 3.3183303 3.3183303 3.3175915 3.6200294 3.6127418 3.4324430 3.3509854 3.2379012 3.0451917 3.1602038 3.2081624 3.5298790 3.6416718 3.2632989 3.5092315 
PP766456    2.7935365 2.0561713 0.9080986 0.7846394 0.0158998 0.0158613 0.0000000 0.4870669 2.0078370 2.0665911 1.9761777 2.1427967 2.0138268 2.2169254 2.2079550 2.0537325 2.2334416 2.3214786 2.3456042 2.2744635 2.2936358 2.3205676 2.2265289 2.0761698 2.0949645 2.0088093 2.0812155 2.0325072 2.0806539 2.0237706 2.0148829 2.0314025 1.9888930 2.0779409 2.1293407 2.1267088 2.2137514 2.1144317 2.0543603 2.1451310 2.2566948 2.1551479 2.1942388 2.2141554 2.6531924 2.6177148 2.6449413 2.7900545 2.6578320 2.6259197 2.5677633 2.0818048 2.2013772 3.5701844 3.4972553 3.3409803 3.3409803 3.3402301 3.6338672 3.6466473 3.4684880 3.3698092 3.2824947 3.0615912 3.2072241 3.1949794 3.5241942 3.6570556 3.2494714 3.5537448 
OR951211.1  3.1081248 2.0314213 0.9665283 0.9481706 0.4844514 0.4855320 0.4870669 0.0000000 2.0305058 2.1022495 2.0688728 2.0932216 2.1121056 2.0774986 2.0897217 1.9275514 2.0671459 2.1766085 2.1547242 2.2618918 2.2343261 2.1263384 2.1330503 2.0731238 2.0997997 2.0440401 2.1252749 2.0901372 2.0922916 2.0397468 2.0634954 2.0682594 2.0991687 2.1263919 2.2314186 2.4284103 2.0902813 2.1286778 2.0568468 2.0429095 2.1006338 2.0614131 2.1275056 2.1346048 2.4253450 2.5446472 2.4873226 2.4853914 2.4014578 2.4132035 2.4184089 2.2158589 2.3059416 3.4514694 3.4969662 3.5300426 3.5300426 3.5300426 3.4447712 3.3618949 3.3089636 3.1052456 3.1908870 3.1815776 3.2119545 3.3392151 3.5701951 3.6817772 3.3849059 3.8298114 
MG888045.1  2.3274558 1.5997974 2.1721305 2.1339151 1.9927781 1.9948345 2.0078370 2.0305058 0.0000000 0.1750436 0.4365586 0.8342055 0.9077920 1.8731090 1.8799608 1.7832481 1.8554223 1.9051470 1.8422104 1.8056458 1.7924550 1.8922975 1.8805726 1.8204440 1.8476707 1.7199911 1.7522238 1.7572322 1.7433371 1.7199708 1.7280782 1.8973405 1.8555215 1.8593675 1.8143007 1.9374944 1.6345880 1.6484920 1.7022866 1.6654127 1.6503204 1.6759226 1.6475242 1.6501071 2.3964997 2.4461951 2.2981825 2.3781768 2.3298135 2.3151708 2.3315363 2.1000377 2.2170600 3.1865803 3.1215881 3.0467116 3.0467116 3.0502284 3.4081585 3.0130891 2.9824042 3.4293168 2.9775883 3.1335042 3.1909733 2.9897891 3.4166011 3.2829359 3.2553741 3.6483317 
NC_043072.1 2.3973038 1.5662146 2.1227955 2.1228174 2.0575200 2.0624593 2.0665911 2.1022495 0.1750436 0.0000000 0.4337838 0.8506850 0.9032682 1.8695386 1.8620400 1.7091083 1.8351151 1.9591887 1.8738618 1.8182853 1.8532978 1.8842021 1.8784610 1.7790874 1.7897854 1.7569867 1.7780499 1.8127550 1.8019753 1.7503349 1.7451741 1.8821179 1.8429797 1.8915095 1.8167986 1.8704409 1.6536182 1.7091492 1.6933676 1.6256077 1.6271902 1.6738404 1.6810096 1.6816401 2.4024370 2.4449637 2.2962753 2.4409071 2.3858448 2.3746947 2.3284856 2.1040552 2.2499130 3.2022707 3.1275744 3.0035828 3.0035828 3.0070693 3.2647431 2.9613117 2.9427943 3.4209975 2.9487251 3.0395061 3.0966030 2.9688856 3.4059549 3.4089168 3.3390772 3.7889623 
NC_034381.1 2.4629406 1.5684691 2.0493876 2.0542281 1.9867110 1.9784890 1.9761777 2.0688728 0.4365586 0.4337838 0.0000000 0.8344685 0.8984864 1.9233659 1.9249219 1.8102768 1.9424274 1.9458493 1.9036592 1.8882216 1.8688465 1.8969906 1.9150809 1.7681630 1.7895343 1.7078984 1.8119344 1.8245322 1.7664136 1.7474176 1.7641982 1.8897700 1.8102906 1.8831632 1.8198925 1.8858911 1.7149945 1.7166312 1.6437982 1.6623599 1.6878305 1.6906153 1.7579807 1.7614976 2.4884948 2.4939005 2.3758950 2.6127500 2.4894779 2.4784556 2.4006977 2.1799183 2.2380276 3.2247104 3.2162912 2.9651193 2.9651193 2.9682496 3.0483897 3.0378068 3.0625096 3.2125981 3.1519683 3.1001436 3.1285753 3.0833483 3.3091638 3.2457391 3.4138273 3.6687102 
OQ818316    2.6653353 1.6530574 2.1315518 2.1445837 2.1283205 2.1246627 2.1427967 2.0932216 0.8342055 0.8506850 0.8344685 0.0000000 0.9181013 1.8749669 1.8467561 1.7067663 1.8635418 1.9011598 1.8759816 1.8652931 1.8861611 1.9239215 1.8391207 1.8491145 1.8211514 1.8539822 1.7848626 1.7811773 1.8058200 1.7638038 1.7942609 1.9504917 1.9239492 1.9288402 1.8019792 1.9762917 1.6580005 1.7262144 1.6554013 1.6703098 1.6763066 1.6590735 1.7106690 1.7359187 2.3291989 2.2780286 2.2283864 2.4735688 2.3790945 2.3896812 2.2253857 2.1963347 2.2329643 3.0256551 3.0142278 3.0465135 3.0465135 3.0498755 3.1876932 3.0263508 3.0502061 3.1115068 2.9817674 2.9993195 3.0932801 3.0176698 3.3109092 3.2295153 3.3727336 3.7365300 
NC_026470.1 2.4876452 1.6792348 2.1492746 2.0777004 2.0140545 2.0191306 2.0138268 2.1121056 0.9077920 0.9032682 0.8984864 0.9181013 0.0000000 1.8930453 1.8741118 1.6403915 1.8786008 1.9349982 1.9320915 1.8262079 1.8914425 1.9486492 1.9361807 1.8279692 1.8385182 1.7865179 1.8634521 1.8584704 1.8090523 1.8330342 1.8615608 1.8038037 1.8082725 2.0233287 1.8348009 1.9336803 1.8715144 1.7485288 1.7903864 1.7932733 1.7562498 1.7430914 1.8025542 1.8137215 2.3524197 2.4215816 2.3227296 2.6287419 2.4605661 2.4660608 2.3009321 2.1206921 2.1353538 3.2983548 3.3485376 3.3075596 3.3075596 3.3114916 3.0859748 3.1396879 3.1800062 2.8490233 3.3062131 3.0992238 3.1424416 3.3134830 3.3870099 3.4373139 3.4231215 4.0003298 
NC_033820.1 2.3906856 1.7849298 2.1379709 2.1752788 2.2127448 2.2235682 2.2169254 2.0774986 1.8731090 1.8695386 1.9233659 1.8749669 1.8930453 0.0000000 0.0601618 0.0585248 0.0981816 0.3932538 0.4148080 0.6338663 0.6264175 0.5741802 0.5978961 1.1128000 1.1212509 1.0560149 1.0674055 1.0697855 1.0903544 1.1291455 1.1186977 1.1616774 1.1697905 1.1244999 1.1078564 1.1214652 1.8346552 1.8464427 1.8019361 1.7851076 1.8030854 1.7965245 1.8731570 1.8749084 2.2431035 2.2070825 2.2112811 2.3260559 2.2243354 2.2181263 2.3024951 2.3000624 2.2651969 3.1271201 3.1121638 3.0767471 3.0767471 3.0762099 3.2297233 3.1825591 3.0870316 2.9608993 2.8942378 2.9403631 2.9013740 3.0823967 3.3764191 3.2967974 3.2180676 3.6824162 
OQ818320    2.3923069 1.8032168 2.1342877 2.1843468 2.2105494 2.2153243 2.2079550 2.0897217 1.8799608 1.8620400 1.9249219 1.8467561 1.8741118 0.0601618 0.0000000 0.0192594 0.1158147 0.3894862 0.4139789 0.6339045 0.6265116 0.5746528 0.5828820 1.1101548 1.1212632 1.0763066 1.0648446 1.0626213 1.0857239 1.1304147 1.1194929 1.1589547 1.1535872 1.1087928 1.1161803 1.1281085 1.8351521 1.8520407 1.7834519 1.7667623 1.8038115 1.7974848 1.8549846 1.8558438 2.2313472 2.2145871 2.2227577 2.3402572 2.2270093 2.2167756 2.3036265 2.2521362 2.2154597 3.0924067 3.0854149 3.0947240 3.0947240 3.0941791 3.2191802 3.0888616 2.9976267 2.9150928 2.9165319 2.8722093 2.8811417 3.0504730 3.3243583 3.2499963 3.1097567 3.5963256 
OQ818344    2.2049348 1.5920310 1.8224846 2.0476575 2.0644278 2.0735578 2.0537325 1.9275514 1.7832481 1.7091083 1.8102768 1.7067663 1.6403915 0.0585248 0.0192594 0.0000000 0.0903284 0.3990000 0.4236133 0.5618500 0.5684221 0.4977562 0.5231313 0.9133121 0.8960843 0.9358500 0.9095012 0.8894287 0.9160394 0.9427448 0.9374084 0.9934223 1.0061550 0.9459399 0.9247867 0.9436921 1.7636647 1.7840234 1.7808722 1.7210763 1.6845727 1.6368696 1.7731446 1.7806132 1.8565246 1.8859449 1.9891146 2.0970552 1.9735367 1.9771263 2.0534497 2.1314597 2.1181646 2.8296000 2.8231102 2.6342002 2.6342002 2.6342002 2.9028399 2.6039262 2.6039262 2.6954291 2.7754024 2.4914195 2.5796241 2.7925201 3.0975674 2.9392153 2.7563307 3.2207213 
PP711943.1  2.3495939 1.8043205 2.1465097 2.1676044 2.2201479 2.2294237 2.2334416 2.0671459 1.8554223 1.8351151 1.9424274 1.8635418 1.8786008 0.0981816 0.1158147 0.0903284 0.0000000 0.3941116 0.4112439 0.6357169 0.6313337 0.5683886 0.5904562 1.0942448 1.1057505 1.0669916 1.0763344 1.0669556 1.0755890 1.1012087 1.1048091 1.1532142 1.1751644 1.1198282 1.1054592 1.1567058 1.8374591 1.8220584 1.7681983 1.7678037 1.8273213 1.7974714 1.8539921 1.8580894 2.1971001 2.1073110 2.1267785 2.2523419 2.1591889 2.1488190 2.2130261 2.2855124 2.2089755 3.2317445 3.1924607 3.0946973 3.0946973 3.0941583 3.3039079 3.1460675 3.0818182 2.9719729 2.9719139 2.9199303 3.0137244 3.1366378 3.3946950 3.3021650 3.1895645 3.6383876 
PP711921.1  2.4447395 1.9562536 2.3630706 2.2999382 2.3182102 2.3173031 2.3214786 2.1766085 1.9051470 1.9591887 1.9458493 1.9011598 1.9349982 0.3932538 0.3894862 0.3990000 0.3941116 0.0000000 0.1459677 0.6204433 0.6360487 0.5906448 0.5987525 1.1204688 1.1432711 1.1236737 1.1640460 1.1568445 1.1327263 1.2058913 1.2076900 1.2733023 1.2611291 1.1657798 1.1912288 1.2712315 1.7892599 1.8920951 1.8649602 1.7743602 1.9363534 1.8967948 1.9162426 1.9258456 2.1587292 2.1599023 2.1873966 2.3694280 2.2680296 2.2347434 2.2964771 2.1886784 2.1730814 3.3542459 3.3307526 3.1722923 3.1722923 3.1722923 3.2375214 3.1926261 3.1835740 3.1494862 3.1379205 3.0756898 3.2037818 3.3928481 3.5024266 3.3156359 3.4278117 3.5953410 
OQ818321    2.3957802 1.7509359 2.2435805 2.1982089 2.3223257 2.3179006 2.3456042 2.1547242 1.8422104 1.8738618 1.9036592 1.8759816 1.9320915 0.4148080 0.4139789 0.4236133 0.4112439 0.1459677 0.0000000 0.6302838 0.6325389 0.5980022 0.6082893 1.0882140 1.1121381 1.0865399 1.1180192 1.1278166 1.1004536 1.1793475 1.1680999 1.2233531 1.1994082 1.1354038 1.1412856 1.2058505 1.7549259 1.8010921 1.7888302 1.6926740 1.8289096 1.8168675 1.8250986 1.8244699 2.0808675 2.0928951 2.1559407 2.3113433 2.1496669 2.1260242 2.1866912 2.2215663 2.1537391 3.2759651 3.2696033 3.2440113 3.2440113 3.2411156 3.3904984 3.1582184 3.1924670 3.2330804 3.1505265 3.1045347 3.1739866 3.3749147 3.5170886 3.3338211 3.3246835 3.6973499 
OR951325.1  2.4032466 1.6962477 2.1759312 2.2440924 2.2847705 2.2920566 2.2744635 2.2618918 1.8056458 1.8182853 1.8882216 1.8652931 1.8262079 0.6338663 0.6339045 0.5618500 0.6357169 0.6204433 0.6302838 0.0000000 0.1326219 0.4006707 0.3989173 1.0707984 1.1081791 1.0422022 1.0936124 1.0899227 1.1074174 1.0938673 1.0972950 1.1344262 1.1185291 1.0778544 1.0428579 1.1233001 1.7756495 1.7828387 1.7363990 1.7293475 1.7755447 1.7743712 1.8089756 1.8008444 2.2128908 2.2355686 2.2774114 2.3418758 2.2143360 2.2030258 2.2144402 2.2245230 2.2409752 3.3871463 3.3434820 3.3036570 3.3036570 3.3030191 3.3819318 3.2616395 3.2660301 2.9700067 3.1802612 3.1091336 3.2095792 3.3462923 3.4416385 3.5206022 3.4119673 3.7018428 
OR951332.1  2.4260803 1.7270160 2.1845530 2.2543617 2.3069451 2.3232071 2.2936358 2.2343261 1.7924550 1.8532978 1.8688465 1.8861611 1.8914425 0.6264175 0.6265116 0.5684221 0.6313337 0.6360487 0.6325389 0.1326219 0.0000000 0.3785795 0.3839297 1.0660855 1.0852343 1.0265365 1.0700253 1.0635347 1.0920238 1.0917251 1.0888592 1.1616111 1.1277405 1.0740647 1.0684015 1.1108774 1.7875914 1.7859660 1.7502638 1.7164004 1.7831569 1.7458067 1.7690549 1.7581137 2.2004815 2.1762023 2.2144876 2.3021905 2.1876332 2.1815555 2.2336125 2.2336322 2.2531268 3.3406894 3.3038769 3.3301877 3.3301877 3.3295349 3.3130982 3.2088066 3.1297908 2.9773853 3.1354104 3.1063418 3.2189976 3.2951031 3.3697336 3.4168591 3.3075834 3.6717367 
PP711911.1  2.3852695 1.7988321 2.2291475 2.2352266 2.3183781 2.3315674 2.3205676 2.1263384 1.8922975 1.8842021 1.8969906 1.9239215 1.9486492 0.5741802 0.5746528 0.4977562 0.5683886 0.5906448 0.5980022 0.4006707 0.3785795 0.0000000 0.2817216 1.0545638 1.0795980 1.0186436 1.0684917 1.0775428 1.0499244 1.1416584 1.1261894 1.2085766 1.1976500 1.0825156 1.0785438 1.1070621 1.8460284 1.8637826 1.7486382 1.6905094 1.8048369 1.7617250 1.8139257 1.7926354 2.1465191 2.1831803 2.1491678 2.3840128 2.2125210 2.1864440 2.2152683 2.2326779 2.2631849 3.1974825 3.2183654 3.2521441 3.2521441 3.2515467 3.3882900 3.2582483 3.2050088 3.3555222 3.1717320 3.0008483 3.0989889 3.3003123 3.5516975 3.2872088 3.2611772 3.6584340 
OQ818329    2.4133882 1.7547994 2.2016022 2.3155447 2.2480272 2.2564206 2.2265289 2.1330503 1.8805726 1.8784610 1.9150809 1.8391207 1.9361807 0.5978961 0.5828820 0.5231313 0.5904562 0.5987525 0.6082893 0.3989173 0.3839297 0.2817216 0.0000000 1.0797100 1.1027723 1.0534127 1.0720491 1.0780810 1.0663130 1.1165489 1.1016169 1.1501386 1.1609299 1.0910135 1.0869589 1.1139678 1.7866525 1.8034876 1.7073105 1.7156511 1.6780783 1.7050680 1.7552918 1.7396406 2.0737861 2.1179474 2.1339050 2.2262758 2.1204126 2.1009886 2.2267123 2.1633325 2.1827245 3.2775639 3.2943437 3.2100299 3.2100299 3.2071960 3.4408957 3.1893949 3.1715163 3.1030276 3.2026479 2.9068299 3.0656916 3.3149383 3.5326049 3.4618521 3.3133467 3.7394353 
PP711909.1  2.2321692 1.6675063 2.0507844 2.0522142 2.0767954 2.0804671 2.0761698 2.0731238 1.8204440 1.7790874 1.7681630 1.8491145 1.8279692 1.1128000 1.1101548 0.9133121 1.0942448 1.1204688 1.0882140 1.0707984 1.0660855 1.0545638 1.0797100 0.0000000 0.0477772 0.3089462 0.3460100 0.3502287 0.3358842 0.4410307 0.4261325 0.4416000 0.4257876 0.6616796 0.7899565 0.8134173 1.9271382 1.8095149 1.7360205 1.7883056 1.8240434 1.8853424 1.8859818 1.8613378 2.1514073 2.1421810 2.1820092 2.3002810 2.1580655 2.1466339 2.0838903 2.0078609 2.0316415 2.8902945 2.8697423 2.9691021 2.9691021 2.9665209 3.3067924 2.7759676 2.7200855 2.8532904 3.0487371 2.9573757 3.0241578 3.0263301 3.0966836 2.9932890 3.0434726 3.3593900 
PP711930.1  2.2424243 1.6635860 2.0998100 2.0781790 2.0991256 2.1017691 2.0949645 2.0997997 1.8476707 1.7897854 1.7895343 1.8211514 1.8385182 1.1212509 1.1212632 0.8960843 1.1057505 1.1432711 1.1121381 1.1081791 1.0852343 1.0795980 1.1027723 0.0477772 0.0000000 0.3204448 0.3513543 0.3528273 0.3352852 0.4515799 0.4415347 0.4492741 0.4422343 0.6741260 0.8222072 0.8429520 1.9447814 1.8504359 1.7544453 1.7873152 1.8460127 1.9080499 1.9138932 1.8930518 2.1758575 2.1703863 2.2284300 2.3067087 2.1657607 2.1603369 2.1033931 2.0300040 2.0495392 2.9609503 2.9381907 3.0308745 3.0308745 3.0282553 3.2995639 2.8392392 2.7627733 2.8804532 3.0159654 3.0081998 3.0622080 3.0604012 3.1267740 2.9538244 3.0194244 3.3907117 
PP711928.1  2.1200734 1.5778561 2.0140297 2.1093136 1.9924697 1.9935250 2.0088093 2.0440401 1.7199911 1.7569867 1.7078984 1.8539822 1.7865179 1.0560149 1.0763066 0.9358500 1.0669916 1.1236737 1.0865399 1.0422022 1.0265365 1.0186436 1.0534127 0.3089462 0.3204448 0.0000000 0.3618256 0.3585442 0.3538067 0.4572158 0.4503387 0.4713001 0.4626073 0.6826567 0.8134173 0.8543187 1.8122478 1.7586688 1.7006293 1.6996919 1.8068917 1.8498975 1.8897223 1.8622674 2.1145045 2.1570825 2.1970283 2.3824020 2.1822042 2.1758756 2.0833970 1.9683417 1.9886481 2.9354274 2.8891375 2.9441915 2.9441915 2.9415523 3.4126876 2.8564660 2.8029056 2.8826900 3.0180261 2.8403593 2.9830658 3.0224691 3.1733586 3.1016067 3.0833863 3.3857334 
PP711912.1  2.1850190 1.6242462 2.0121605 2.0801856 2.0785430 2.0683919 2.0812155 2.1252749 1.7522238 1.7780499 1.8119344 1.7848626 1.8634521 1.0674055 1.0648446 0.9095012 1.0763344 1.1640460 1.1180192 1.0936124 1.0700253 1.0684917 1.0720491 0.3460100 0.3513543 0.3618256 0.0000000 0.0833811 0.2705082 0.4463316 0.4447766 0.4504663 0.4430973 0.6641203 0.8373704 0.8456269 1.8513363 1.8481995 1.7393885 1.7828167 1.8301999 1.8692696 1.8791813 1.8650702 2.1374303 2.1412691 2.1979048 2.4268485 2.2651140 2.2501291 2.1143642 2.0167808 2.0466895 2.8339155 2.8213793 2.9034766 2.9034766 2.9010153 3.2145286 2.8296108 2.7978572 2.7625987 2.9173627 2.9050641 2.8932555 2.9750613 3.0838627 3.0823200 3.0391993 3.3861176 
PP711913.1  2.1656506 1.6003951 2.0097298 2.0572632 2.0219838 2.0219018 2.0325072 2.0901372 1.7572322 1.8127550 1.8245322 1.7811773 1.8584704 1.0697855 1.0626213 0.8894287 1.0669556 1.1568445 1.1278166 1.0899227 1.0635347 1.0775428 1.0780810 0.3502287 0.3528273 0.3585442 0.0833811 0.0000000 0.2701776 0.4310396 0.4294542 0.4521651 0.4356953 0.6692217 0.8392565 0.8383405 1.8320377 1.8030189 1.7475374 1.7780097 1.7998224 1.8708007 1.8781726 1.8563054 2.0918834 2.1511630 2.1486663 2.3492196 2.2088025 2.1899447 2.0573941 1.9826186 2.0066341 2.8542259 2.8481478 3.0366017 3.0366017 3.0339661 3.2165908 2.8424830 2.8079746 2.8220763 2.9162408 2.8368181 2.9170250 2.9758938 3.1366576 3.0409275 2.9772322 3.3330931 
PP711945.1  2.2140298 1.6731043 1.9852481 2.0893816 2.0617926 2.0559035 2.0806539 2.0922916 1.7433371 1.8019753 1.7664136 1.8058200 1.8090523 1.0903544 1.0857239 0.9160394 1.0755890 1.1327263 1.1004536 1.1074174 1.0920238 1.0499244 1.0663130 0.3358842 0.3352852 0.3538067 0.2705082 0.2701776 0.0000000 0.4384932 0.4308395 0.4504812 0.4362754 0.6743855 0.8316621 0.8199867 1.8531374 1.7975731 1.7531226 1.8151261 1.8469933 1.8587872 1.8668593 1.8577020 2.1719733 2.1505113 2.1856851 2.3615258 2.2166146 2.1940872 2.0674673 2.0026223 2.0364688 2.8395063 2.8166989 2.9746976 2.9746976 2.9721677 3.1362953 2.8126537 2.7488632 2.7932545 2.8768678 2.9402525 2.9131365 3.0489978 3.0539189 3.0669183 3.0793773 3.3901676 
OQ818325    2.3282555 1.6549996 2.0543911 2.0832926 2.0270297 2.0267012 2.0237706 2.0397468 1.7199708 1.7503349 1.7474176 1.7638038 1.8330342 1.1291455 1.1304147 0.9427448 1.1012087 1.2058913 1.1793475 1.0938673 1.0917251 1.1416584 1.1165489 0.4410307 0.4515799 0.4572158 0.4463316 0.4310396 0.4384932 0.0000000 0.0535298 0.4144464 0.4162819 0.7002659 0.8059729 0.8640368 1.8325892 1.8059398 1.7922469 1.8127834 1.8342158 1.8512559 1.8676021 1.8664570 2.1596726 2.2010075 2.1871321 2.3204506 2.1842639 2.1683832 2.1647495 2.0508716 2.0702140 2.7377530 2.7334067 2.8919350 2.8919350 2.8919350 3.1283909 2.7756732 2.7588212 2.7935886 2.8504579 2.8573911 2.8930215 2.9121595 3.1884076 3.0177385 3.0313826 3.1075286 
OQ818328    2.2913262 1.6463362 2.0633268 2.1012132 2.0236404 2.0258296 2.0148829 2.0634954 1.7280782 1.7451741 1.7641982 1.7942609 1.8615608 1.1186977 1.1194929 0.9374084 1.1048091 1.2076900 1.1680999 1.0972950 1.0888592 1.1261894 1.1016169 0.4261325 0.4415347 0.4503387 0.4447766 0.4294542 0.4308395 0.0535298 0.0000000 0.4110888 0.4122243 0.6813171 0.8055569 0.8522467 1.8334722 1.8295923 1.7991540 1.8418671 1.8546778 1.8802948 1.8662537 1.8553538 2.1161922 2.1905737 2.1501813 2.3543301 2.2185686 2.2005057 2.1377395 2.0386464 2.0383016 2.7609898 2.7572597 2.8946582 2.8946582 2.8922276 3.1114732 2.8052792 2.7681485 2.9102168 2.8828877 2.8180100 2.8785673 2.9551001 3.1745115 2.9990527 2.9577360 3.1425211 
PP766469    2.2938129 1.6831402 2.0559511 2.0648766 2.0410888 2.0341125 2.0314025 2.0682594 1.8973405 1.8821179 1.8897700 1.9504917 1.8038037 1.1616774 1.1589547 0.9934223 1.1532142 1.2733023 1.2233531 1.1344262 1.1616111 1.2085766 1.1501386 0.4416000 0.4492741 0.4713001 0.4504663 0.4521651 0.4504812 0.4144464 0.4110888 0.0000000 0.1694943 0.7227450 0.8610622 0.8494710 2.0280908 1.8829681 1.8535989 1.8621429 1.9112547 1.9439177 2.0050054 1.9924671 2.3007386 2.3485720 2.3442213 2.4430910 2.2892954 2.2838931 2.2303007 1.9880419 2.0126828 2.8686268 2.8308965 3.0095824 3.0095824 3.0069926 3.1994880 2.9263705 2.8607644 2.6495301 2.8691054 2.8129346 2.8908025 2.9798977 3.0938775 3.0821006 2.9005128 3.1807680 
PV788825    2.2675384 1.6620301 2.0324542 2.0263799 1.9962923 1.9934010 1.9888930 2.0991687 1.8555215 1.8429797 1.8102906 1.9239492 1.8082725 1.1697905 1.1535872 1.0061550 1.1751644 1.2611291 1.1994082 1.1185291 1.1277405 1.1976500 1.1609299 0.4257876 0.4422343 0.4626073 0.4430973 0.4356953 0.4362754 0.4162819 0.4122243 0.1694943 0.0000000 0.7150484 0.8732416 0.8499110 1.9718836 1.9026164 1.8388287 1.8408968 1.8665773 1.8684367 1.9249857 1.9147272 2.2887040 2.2857791 2.2950984 2.4138761 2.3116021 2.2932314 2.2721654 1.9544327 1.9833168 2.8453387 2.8106796 2.9935812 2.9935812 2.9910367 3.1976698 2.7815786 2.7545417 2.7108529 2.7466689 2.7027396 2.8327765 2.9375558 2.9925805 3.0461951 3.0120055 3.2114954 
PP711946.1  2.4451260 1.8156831 2.1189225 2.0977363 2.0978977 2.1017361 2.0779409 2.1263919 1.8593675 1.8915095 1.8831632 1.9288402 2.0233287 1.1244999 1.1087928 0.9459399 1.1198282 1.1657798 1.1354038 1.0778544 1.0740647 1.0825156 1.0910135 0.6616796 0.6741260 0.6826567 0.6641203 0.6692217 0.6743855 0.7002659 0.6813171 0.7227450 0.7150484 0.0000000 0.7943526 0.7957354 1.9142582 1.8588659 1.8284920 1.8036231 1.9250674 1.9532013 1.8984400 1.8952915 2.0844746 2.1393385 2.1776184 2.4066457 2.1933811 2.1890762 2.1015896 2.0876334 2.1322934 3.0202480 2.9925371 3.0323069 3.0323069 3.0317810 3.2169111 2.8932943 2.8783921 2.8241458 3.0561310 3.0924648 3.0036637 3.1713273 3.2839121 3.1241127 2.9953724 3.5777499 
PP745912.1  2.4041405 1.7817342 2.1958212 2.1371911 2.1429029 2.1401833 2.1293407 2.2314186 1.8143007 1.8167986 1.8198925 1.8019792 1.8348009 1.1078564 1.1161803 0.9247867 1.1054592 1.1912288 1.1412856 1.0428579 1.0684015 1.0785438 1.0869589 0.7899565 0.8222072 0.8134173 0.8373704 0.8392565 0.8316621 0.8059729 0.8055569 0.8610622 0.8732416 0.7943526 0.0000000 0.7014610 1.8719926 1.7470687 1.7013341 1.6789329 1.7098063 1.7140371 1.7410894 1.7348862 2.2025986 2.1583005 2.1801152 2.3978885 2.2580732 2.2485387 2.1589991 2.0346954 2.0668403 3.0641372 3.1001544 3.1430750 3.1430750 3.1423886 3.2716567 3.0786320 3.0388954 3.1070878 3.0511242 2.9793414 2.9827884 3.0576532 3.3826975 3.1129913 3.1387226 3.6249505 
PP746000.1  2.3087658 1.6281062 2.1630476 2.1634057 2.1374702 2.1491992 2.1267088 2.4284103 1.9374944 1.8704409 1.8858911 1.9762917 1.9336803 1.1214652 1.1281085 0.9436921 1.1567058 1.2712315 1.2058505 1.1233001 1.1108774 1.1070621 1.1139678 0.8134173 0.8429520 0.8543187 0.8456269 0.8383405 0.8199867 0.8640368 0.8522467 0.8494710 0.8499110 0.7957354 0.7014610 0.0000000 1.9826987 1.9465688 1.8982822 1.9378936 1.9035233 1.9366965 1.8989978 1.8802202 2.3240178 2.2842833 2.4695700 2.6894459 2.4608930 2.4502803 2.3648903 2.0161984 2.0834102 2.9979365 3.0154849 3.0551939 3.0551939 3.0524265 3.3070245 3.0826873 3.0211267 3.1456795 3.0949170 2.9520724 2.9210556 2.9789212 3.6581864 3.2253571 3.2299858 3.2575391 
OR951324.1  2.6261618 1.7540254 2.2868324 2.1993580 2.2091249 2.2163349 2.2137514 2.0902813 1.6345880 1.6536182 1.7149945 1.6580005 1.8715144 1.8346552 1.8351521 1.7636647 1.8374591 1.7892599 1.7549259 1.7756495 1.7875914 1.8460284 1.7866525 1.9271382 1.9447814 1.8122478 1.8513363 1.8320377 1.8531374 1.8325892 1.8334722 2.0280908 1.9718836 1.9142582 1.8719926 1.9826987 0.0000000 0.5440547 0.5183322 0.5409999 0.6252755 0.6350849 0.6330993 0.6329781 2.2348921 2.1735322 2.2190451 2.3614803 2.2667623 2.2643629 2.2717157 2.3527915 2.3402041 3.4817031 3.4416422 3.1974936 3.1974936 3.2013772 3.4406682 3.3206466 3.2540919 3.4534805 3.1120777 3.1729127 3.3088974 3.2386311 3.6425094 3.7774294 3.8599757 4.2506221 
OR951333.1  2.4745298 1.6607689 2.1920242 2.1451541 2.1202617 2.1198568 2.1144317 2.1286778 1.6484920 1.7091492 1.7166312 1.7262144 1.7485288 1.8464427 1.8520407 1.7840234 1.8220584 1.8920951 1.8010921 1.7828387 1.7859660 1.8637826 1.8034876 1.8095149 1.8504359 1.7586688 1.8481995 1.8030189 1.7975731 1.8059398 1.8295923 1.8829681 1.9026164 1.8588659 1.7470687 1.9465688 0.5440547 0.0000000 0.4742566 0.5117637 0.6542956 0.6701938 0.6581600 0.6552249 2.2107439 2.2160777 2.3124668 2.4231464 2.2843511 2.2619710 2.3136592 2.1683899 2.2170879 3.3054326 3.2605159 3.2493869 3.2493869 3.2532915 3.4456890 3.3907980 3.3893917 3.2786900 3.2900747 3.2828625 3.4946758 3.2959290 3.6136814 3.7135076 3.6649250 4.1407221 
PP711948.1  2.5025953 1.6514685 2.2002428 2.1398680 2.0551567 2.0434763 2.0543603 2.0568468 1.7022866 1.6933676 1.6437982 1.6554013 1.7903864 1.8019361 1.7834519 1.7808722 1.7681983 1.8649602 1.7888302 1.7363990 1.7502638 1.7486382 1.7073105 1.7360205 1.7544453 1.7006293 1.7393885 1.7475374 1.7531226 1.7922469 1.7991540 1.8535989 1.8388287 1.8284920 1.7013341 1.8982822 0.5183322 0.4742566 0.0000000 0.4238551 0.6332915 0.6361764 0.6464417 0.6500065 2.2240977 2.1667302 2.1814067 2.2891276 2.1563629 2.1674179 2.2446735 2.2988006 2.3595640 3.4622159 3.4061171 3.3577478 3.3577478 3.3577478 3.5641539 3.4956917 3.4326382 3.5621857 3.3142778 3.1812642 3.4295204 3.2439873 3.5275875 3.6080988 3.5244371 3.7712147 
OQ818318    2.4396663 1.6977342 2.1832966 2.1172913 2.1616903 2.1632462 2.1451310 2.0429095 1.6654127 1.6256077 1.6623599 1.6703098 1.7932733 1.7851076 1.7667623 1.7210763 1.7678037 1.7743602 1.6926740 1.7293475 1.7164004 1.6905094 1.7156511 1.7883056 1.7873152 1.6996919 1.7828167 1.7780097 1.8151261 1.8127834 1.8418671 1.8621429 1.8408968 1.8036231 1.6789329 1.9378936 0.5409999 0.5117637 0.4238551 0.0000000 0.6518489 0.6597743 0.6638602 0.6640087 2.1105832 2.0612076 2.0884957 2.1956491 2.0539060 2.0586333 2.0908335 2.3322191 2.3959158 3.3558116 3.3420804 3.1347728 3.1347728 3.1384378 3.4391568 3.3099444 3.2396761 3.0909199 3.2774942 3.2223813 3.3274765 3.2103737 3.5768565 3.5421878 3.3291236 3.9251743 
PP711934.1  2.5628108 1.7440163 2.1822157 2.2113274 2.2463572 2.2401843 2.2566948 2.1006338 1.6503204 1.6271902 1.6878305 1.6763066 1.7562498 1.8030854 1.8038115 1.6845727 1.8273213 1.9363534 1.8289096 1.7755447 1.7831569 1.8048369 1.6780783 1.8240434 1.8460127 1.8068917 1.8301999 1.7998224 1.8469933 1.8342158 1.8546778 1.9112547 1.8665773 1.9250674 1.7098063 1.9035233 0.6252755 0.6542956 0.6332915 0.6518489 0.0000000 0.2135884 0.2736196 0.2743176 2.3865953 2.2861557 2.2940993 2.4561194 2.3194034 2.3121655 2.2633339 2.1545216 2.3033352 3.3909923 3.3622532 3.3147150 3.3147150 3.3147150 3.5923557 3.1529755 3.1799743 2.7257285 3.1123641 3.1433885 3.3508488 3.2666803 3.4721246 3.5269146 3.5728133 3.9210714 
OQ818323    2.5662411 1.6873481 2.2616947 2.2307875 2.1594576 2.1668723 2.1551479 2.0614131 1.6759226 1.6738404 1.6906153 1.6590735 1.7430914 1.7965245 1.7974848 1.6368696 1.7974714 1.8967948 1.8168675 1.7743712 1.7458067 1.7617250 1.7050680 1.8853424 1.9080499 1.8498975 1.8692696 1.8708007 1.8587872 1.8512559 1.8802948 1.9439177 1.8684367 1.9532013 1.7140371 1.9366965 0.6350849 0.6701938 0.6361764 0.6597743 0.2135884 0.0000000 0.3132836 0.3212453 2.4262480 2.2930436 2.3082298 2.3935497 2.2968611 2.2894520 2.4062445 2.1642022 2.2452413 3.3982351 3.3738832 3.3129827 3.3129827 3.3169515 3.6352962 3.3187080 3.3361169 3.0213527 3.2402463 3.2627137 3.3738486 3.4059333 3.4320759 3.5943564 3.5880944 4.0536165 
OQ818324    2.6199588 1.7089513 2.1632712 2.1553243 2.2063398 2.1821093 2.1942388 2.1275056 1.6475242 1.6810096 1.7579807 1.7106690 1.8025542 1.8731570 1.8549846 1.7731446 1.8539921 1.9162426 1.8250986 1.8089756 1.7690549 1.8139257 1.7552918 1.8859818 1.9138932 1.8897223 1.8791813 1.8781726 1.8668593 1.8676021 1.8662537 2.0050054 1.9249857 1.8984400 1.7410894 1.8989978 0.6330993 0.6581600 0.6464417 0.6638602 0.2736196 0.3132836 0.0000000 0.0025728 2.3749792 2.3406957 2.3433272 2.4642341 2.3527997 2.3538404 2.4226849 2.1687102 2.2398043 3.5580297 3.4833800 3.2305720 3.2305720 3.2343916 3.6315844 3.1353256 3.1294203 3.0750162 3.2719529 3.1225342 3.3174551 3.2480738 3.5060774 3.6229329 3.4893297 3.7777570 
PV788826    2.6347530 1.7357234 2.1683049 2.1568830 2.2230786 2.2144424 2.2141554 2.1346048 1.6501071 1.6816401 1.7614976 1.7359187 1.8137215 1.8749084 1.8558438 1.7806132 1.8580894 1.9258456 1.8244699 1.8008444 1.7581137 1.7926354 1.7396406 1.8613378 1.8930518 1.8622674 1.8650702 1.8563054 1.8577020 1.8664570 1.8553538 1.9924671 1.9147272 1.8952915 1.7348862 1.8802202 0.6329781 0.6552249 0.6500065 0.6640087 0.2743176 0.3212453 0.0025728 0.0000000 2.3670222 2.3363963 2.3211687 2.4612082 2.3232530 2.3228622 2.3866710 2.1675859 2.2657590 3.5793696 3.5020060 3.2355790 3.2355790 3.2355790 3.5788133 3.1173736 3.1133866 2.9615281 3.2762905 3.1322075 3.2950980 3.2214684 3.4196589 3.5883500 3.4260159 3.7861404 
KX420952.1  2.9939613 2.2577884 2.5539492 2.7753859 2.6253264 2.6334704 2.6531924 2.4253450 2.3964997 2.4024370 2.4884948 2.3291989 2.3524197 2.2431035 2.2313472 1.8565246 2.1971001 2.1587292 2.0808675 2.2128908 2.2004815 2.1465191 2.0737861 2.1514073 2.1758575 2.1145045 2.1374303 2.0918834 2.1719733 2.1596726 2.1161922 2.3007386 2.2887040 2.0844746 2.2025986 2.3240178 2.2348921 2.2107439 2.2240977 2.1105832 2.3865953 2.4262480 2.3749792 2.3670222 0.0000000 0.3286495 0.4278652 0.4175990 0.4253340 0.4275904 0.6509105 2.4952301 2.4961509 3.5773143 3.5094452 3.1534873 3.1534873 3.1528920 3.4831348 3.0001319 3.0085658 3.5776452 3.3259872 3.4102320 3.4981082 3.5755663 3.9692314 3.6213881 3.3493648 4.2242798 
OR867083.1  2.9476870 2.1476848 2.5217117 2.6299384 2.6240721 2.6281238 2.6177148 2.5446472 2.4461951 2.4449637 2.4939005 2.2780286 2.4215816 2.2070825 2.2145871 1.8859449 2.1073110 2.1599023 2.0928951 2.2355686 2.1762023 2.1831803 2.1179474 2.1421810 2.1703863 2.1570825 2.1412691 2.1511630 2.1505113 2.2010075 2.1905737 2.3485720 2.2857791 2.1393385 2.1583005 2.2842833 2.1735322 2.2160777 2.1667302 2.0612076 2.2861557 2.2930436 2.3406957 2.3363963 0.3286495 0.0000000 0.4337069 0.4316680 0.4372696 0.4355812 0.6645720 2.4213923 2.4340357 3.5425778 3.5092995 3.1603003 3.1603003 3.1573416 3.5020698 3.2408466 3.2191342 3.2074798 3.4199798 3.4853378 3.5806409 3.5604700 4.1952061 3.7262539 3.4491974 4.0730130 
NC_028366.1 2.9294507 2.2011868 2.5636203 2.6801286 2.6577321 2.6499212 2.6449413 2.4873226 2.2981825 2.2962753 2.3758950 2.2283864 2.3227296 2.2112811 2.2227577 1.9891146 2.1267785 2.1873966 2.1559407 2.2774114 2.2144876 2.1491678 2.1339050 2.1820092 2.2284300 2.1970283 2.1979048 2.1486663 2.1856851 2.1871321 2.1501813 2.3442213 2.2950984 2.1776184 2.1801152 2.4695700 2.2190451 2.3124668 2.1814067 2.0884957 2.2940993 2.3082298 2.3433272 2.3211687 0.4278652 0.4337069 0.0000000 0.2222305 0.2269443 0.2241873 0.6277186 2.4608435 2.5002270 3.4255796 3.4484600 3.2651692 3.2651692 3.2644176 3.5431656 3.1057122 3.1038687 3.5163468 3.4033699 3.2784722 3.4959806 3.4882055 3.8865249 3.4752109 3.3976196 4.2890666 
OQ818337    2.9242667 2.6103769 2.7587514 3.0314089 2.7913806 2.7953198 2.7900545 2.4853914 2.3781768 2.4409071 2.6127500 2.4735688 2.6287419 2.3260559 2.3402572 2.0970552 2.2523419 2.3694280 2.3113433 2.3418758 2.3021905 2.3840128 2.2262758 2.3002810 2.3067087 2.3824020 2.4268485 2.3492196 2.3615258 2.3204506 2.3543301 2.4430910 2.4138761 2.4066457 2.3978885 2.6894459 2.3614803 2.4231464 2.2891276 2.1956491 2.4561194 2.3935497 2.4642341 2.4612082 0.4175990 0.4316680 0.2222305 0.0000000 0.0000010 0.0046284 0.6148220 2.5614738 2.5927900 3.5165174 3.5589405 3.2164178 3.2164178 3.2164178 3.2812237 3.1963733 3.2287470 5.0229930 3.4014086 3.3828880 3.4196589 3.4437315 3.9628351 3.6434880 3.5437020 3.9215081 
PP766457    2.9415642 2.1824639 2.6333579 2.7934827 2.6520758 2.6520797 2.6578320 2.4014578 2.3298135 2.3858448 2.4894779 2.3790945 2.4605661 2.2243354 2.2270093 1.9735367 2.1591889 2.2680296 2.1496669 2.2143360 2.1876332 2.2125210 2.1204126 2.1580655 2.1657607 2.1822042 2.2651140 2.2088025 2.2166146 2.1842639 2.2185686 2.2892954 2.3116021 2.1933811 2.2580732 2.4608930 2.2667623 2.2843511 2.1563629 2.0539060 2.3194034 2.2968611 2.3527997 2.3232530 0.4253340 0.4372696 0.2269443 0.0000010 0.0000000 0.0041956 0.6072852 2.5084847 2.5261142 3.4248184 3.4528229 3.1872494 3.1872494 3.1866283 3.3449237 3.0870369 3.1245079 3.5254536 3.4352035 3.3949704 3.4563596 3.3693353 3.8872549 3.6056295 3.4526716 4.1661854 
PP766455    2.9450703 2.1727370 2.6292861 2.7452733 2.6266826 2.6266858 2.6259197 2.4132035 2.3151708 2.3746947 2.4784556 2.3896812 2.4660608 2.2181263 2.2167756 1.9771263 2.1488190 2.2347434 2.1260242 2.2030258 2.1815555 2.1864440 2.1009886 2.1466339 2.1603369 2.1758756 2.2501291 2.1899447 2.1940872 2.1683832 2.2005057 2.2838931 2.2932314 2.1890762 2.2485387 2.4502803 2.2643629 2.2619710 2.1674179 2.0586333 2.3121655 2.2894520 2.3538404 2.3228622 0.4275904 0.4355812 0.2241873 0.0046284 0.0041956 0.0000000 0.6090690 2.5163858 2.5255551 3.3975769 3.4500894 3.1875020 3.1875020 3.1868778 3.3350471 3.0843460 3.1267581 3.4576360 3.4424398 3.3750892 3.4211061 3.3415482 3.8999132 3.6549894 3.4439429 4.1813842 
NC_038313.1 3.0033074 2.2058380 2.5049701 2.6873342 2.5742000 2.5743134 2.5677633 2.4184089 2.3315363 2.3284856 2.4006977 2.2253857 2.3009321 2.3024951 2.3036265 2.0534497 2.2130261 2.2964771 2.1866912 2.2144402 2.2336125 2.2152683 2.2267123 2.0838903 2.1033931 2.0833970 2.1143642 2.0573941 2.0674673 2.1647495 2.1377395 2.2303007 2.2721654 2.1015896 2.1589991 2.3648903 2.2717157 2.3136592 2.2446735 2.0908335 2.2633339 2.4062445 2.4226849 2.3866710 0.6509105 0.6645720 0.6277186 0.6148220 0.6072852 0.6090690 0.0000000 2.4755883 2.4935262 3.2967973 3.2956202 3.2902071 3.2902071 3.2894631 3.3517501 3.1419874 3.1494880 3.0492778 3.3531182 3.2118730 3.4464880 3.4227834 3.7859391 3.4503300 3.3210985 4.1268560 
NC_033818.1 3.0327078 2.2573346 2.3543251 2.1792182 2.0709453 2.0684598 2.0818048 2.2158589 2.1000377 2.1040552 2.1799183 2.1963347 2.1206921 2.3000624 2.2521362 2.1314597 2.2855124 2.1886784 2.2215663 2.2245230 2.2336322 2.2326779 2.1633325 2.0078609 2.0300040 1.9683417 2.0167808 1.9826186 2.0026223 2.0508716 2.0386464 1.9880419 1.9544327 2.0876334 2.0346954 2.0161984 2.3527915 2.1683899 2.2988006 2.3322191 2.1545216 2.1642022 2.1687102 2.1675859 2.4952301 2.4213923 2.4608435 2.5614738 2.5084847 2.5163858 2.4755883 0.0000000 0.2272604 3.8334332 3.8178710 3.8291786 3.8291786 3.8291786 3.9827708 3.7990563 3.9249360 3.2402898 3.9532490 3.9569698 4.0850007 4.0241086 4.0761967 4.2940276 3.9507069 4.3063846 
OQ818317    2.9975296 2.1551874 2.4665183 2.2636138 2.2007134 2.2028352 2.2013772 2.3059416 2.2170600 2.2499130 2.2380276 2.2329643 2.1353538 2.2651969 2.2154597 2.1181646 2.2089755 2.1730814 2.1537391 2.2409752 2.2531268 2.2631849 2.1827245 2.0316415 2.0495392 1.9886481 2.0466895 2.0066341 2.0364688 2.0702140 2.0383016 2.0126828 1.9833168 2.1322934 2.0668403 2.0834102 2.3402041 2.2170879 2.3595640 2.3959158 2.3033352 2.2452413 2.2398043 2.2657590 2.4961509 2.4340357 2.5002270 2.5927900 2.5261142 2.5255551 2.4935262 0.2272604 0.0000000 3.8780430 3.9009811 4.1394951 4.1394951 4.1394951 4.0507391 3.7730897 3.8659165 3.3433970 3.9512645 3.9789151 3.8860418 3.9687885 4.0160074 4.2239215 3.8605380 4.3726405 
KX759618.1  3.7235376 3.1314392 3.3591867 3.6070660 3.5648316 3.5617614 3.5701844 3.4514694 3.1865803 3.2022707 3.2247104 3.0256551 3.2983548 3.1271201 3.0924067 2.8296000 3.2317445 3.3542459 3.2759651 3.3871463 3.3406894 3.1974825 3.2775639 2.8902945 2.9609503 2.9354274 2.8339155 2.8542259 2.8395063 2.7377530 2.7609898 2.8686268 2.8453387 3.0202480 3.0641372 2.9979365 3.4817031 3.3054326 3.4622159 3.3558116 3.3909923 3.3982351 3.5580297 3.5793696 3.5773143 3.5425778 3.4255796 3.5165174 3.4248184 3.3975769 3.2967973 3.8334332 3.8780430 0.0000000 0.0026875 0.4052277 0.4052277 0.4051945 0.7506231 0.8054946 0.8044651 1.0476902 0.7421403 0.7259168 0.7320597 0.7374596 1.2738549 1.2797387 1.2580699 1.2843567 
KX759621.1  3.7144452 3.2065746 3.4449954 3.5912455 3.5061771 3.5152783 3.4972553 3.4969662 3.1215881 3.1275744 3.2162912 3.0142278 3.3485376 3.1121638 3.0854149 2.8231102 3.1924607 3.3307526 3.2696033 3.3434820 3.3038769 3.2183654 3.2943437 2.8697423 2.9381907 2.8891375 2.8213793 2.8481478 2.8166989 2.7334067 2.7572597 2.8308965 2.8106796 2.9925371 3.1001544 3.0154849 3.4416422 3.2605159 3.4061171 3.3420804 3.3622532 3.3738832 3.4833800 3.5020060 3.5094452 3.5092995 3.4484600 3.5589405 3.4528229 3.4500894 3.2956202 3.8178710 3.9009811 0.0026875 0.0000000 0.4090744 0.4090744 0.4090441 0.7563482 0.8035929 0.8146275 1.0451550 0.7496617 0.7369155 0.7407590 0.7574452 1.3201823 1.3283775 1.2955625 1.3045041 
KX759620.1  3.6832588 3.0677976 3.4726220 3.4573324 3.3295069 3.3183303 3.3409803 3.5300426 3.0467116 3.0035828 2.9651193 3.0465135 3.3075596 3.0767471 3.0947240 2.6342002 3.0946973 3.1722923 3.2440113 3.3036570 3.3301877 3.2521441 3.2100299 2.9691021 3.0308745 2.9441915 2.9034766 3.0366017 2.9746976 2.8919350 2.8946582 3.0095824 2.9935812 3.0323069 3.1430750 3.0551939 3.1974936 3.2493869 3.3577478 3.1347728 3.3147150 3.3129827 3.2305720 3.2355790 3.1534873 3.1603003 3.2651692 3.2164178 3.1872494 3.1875020 3.2902071 3.8291786 4.1394951 0.4052277 0.4090744 0.0000000 0.0000010 0.0001338 0.7111220 0.8002639 0.8143045 0.9818438 0.7755101 0.7791300 0.7576681 0.7502395 1.3105258 1.3814650 1.3271283 1.3340213 
