16
Chaerephon_leucogaster_cytb     0.0000000 0.4357588 0.4839281 0.5381261 0.4948064 0.4769617 0.5372333 0.5092551 0.5265954 0.6019840 0.4158552 0.5688415 0.5511008 0.6797812 0.5950862 0.8597373 
Miniopterus_fuliginosus_cytb    0.4357588 0.0000000 0.4723092 0.5903327 0.5283539 0.5390070 0.5251149 0.5240599 0.5126340 0.5794534 0.4540675 0.5063600 0.5119182 0.5974352 0.6016823 0.8834825 
Cynopterus_sphinx_cytb          0.4839281 0.4723092 0.0000000 0.2944421 0.2455708 0.2649085 0.3048629 0.2919129 0.3308676 0.3214467 0.4608109 0.4322425 0.4670527 0.5354344 0.6300727 0.8536021 
Eonycteris_spelaea_cytb         0.5381261 0.5903327 0.2944421 0.0000000 0.2533083 0.2792545 0.2818874 0.2705342 0.2685845 0.3620620 0.5946735 0.5238720 0.5055328 0.4956810 0.7280730 1.0095432 
Pteropus_poliocephalus_cytb     0.4948064 0.5283539 0.2455708 0.2533083 0.0000000 0.1084205 0.2781225 0.2471947 0.2726897 0.2717423 0.4667075 0.4261551 0.4201451 0.4253984 0.6264454 0.8570437 
Pteropus_rufus_cytb             0.4769617 0.5390070 0.2649085 0.2792545 0.1084205 0.0000000 0.2948556 0.2951714 0.3081400 0.3271351 0.4521350 0.4497472 0.4264477 0.4663260 0.6799115 0.8640647 
Rousettus_aegyptiacus_cytb      0.5372333 0.5251149 0.3048629 0.2818874 0.2781225 0.2948556 0.0000000 0.0678689 0.0763800 0.3614938 0.5194201 0.4786980 0.4863396 0.4841905 0.6434830 0.8585810 
Rousettus_madagascariensis_cytb 0.5092551 0.5240599 0.2919129 0.2705342 0.2471947 0.2951714 0.0678689 0.0000000 0.0834027 0.3308694 0.5119039 0.4680561 0.4831139 0.4511590 0.6556044 0.8531957 
Rousettus_leschenaultii_cytb    0.5265954 0.5126340 0.3308676 0.2685845 0.2726897 0.3081400 0.0763800 0.0834027 0.0000000 0.3665453 0.5419569 0.4843182 0.4751678 0.4728902 0.6430281 0.8526306 
Eidolon_dupreanum_cytb          0.6019840 0.5794534 0.3214467 0.3620620 0.2717423 0.3271351 0.3614938 0.3308694 0.3665453 0.0000000 0.6053161 0.5489810 0.5015182 0.4438922 0.7705075 0.8447424 
Myotis_ricketti_cytb            0.4158552 0.4540675 0.4608109 0.5946735 0.4667075 0.4521350 0.5194201 0.5119039 0.5419569 0.6053161 0.0000000 0.4183895 0.4731975 0.6646415 0.4953272 0.8706978 
Rhinolophus_hipposideros_cytb   0.5688415 0.5063600 0.4322425 0.5238720 0.4261551 0.4497472 0.4786980 0.4680561 0.4843182 0.5489810 0.4183895 0.0000000 0.1665477 0.6627611 0.5956834 1.0495910 
Rhinolophus_sinicus_cytb        0.5511008 0.5119182 0.4670527 0.5055328 0.4201451 0.4264477 0.4863396 0.4831139 0.4751678 0.5015182 0.4731975 0.1665477 0.0000000 0.6465067 0.6417461 0.9403251 
Eidolon_helvum_cytb             0.6797812 0.5974352 0.5354344 0.4956810 0.4253984 0.4663260 0.4841905 0.4511590 0.4728902 0.4438922 0.6646415 0.6627611 0.6465067 0.0000000 0.7736483 0.7522005 
Taphozous_melanopogon_cytb      0.5950862 0.6016823 0.6300727 0.7280730 0.6264454 0.6799115 0.6434830 0.6556044 0.6430281 0.7705075 0.4953272 0.5956834 0.6417461 0.7736483 0.0000000 1.1394835 
Homo_sapiens_cytb               0.8597373 0.8834825 0.8536021 1.0095432 0.8570437 0.8640647 0.8585810 0.8531957 0.8526306 0.8447424 0.8706978 1.0495910 0.9403251 0.7522005 1.1394835 0.0000000 
