40
KJ641684.1  0.0000000 0.7387477 0.6534286 3.2708379 3.2751244 3.3110584 3.4261096 3.1370374 3.1408907 3.2967691 3.2992716 3.3164823 3.4164832 3.3094878 3.2880864 3.2538933 3.2023537 3.7391760 3.4513497 3.1021491 3.6156265 3.4788498 3.4623962 3.6148927 3.6392583 3.6298574 3.6294817 3.3009063 3.2800906 3.6964708 3.1959039 3.3648803 3.9473141 3.4437001 1.0211600 4.3844376 3.6328841 3.4794031 3.3699190 3.8904900 
OR951224.1  0.7387477 0.0000000 0.5764312 3.6808289 3.7895638 3.7749162 3.5708049 3.3803464 3.4280138 3.3248193 3.3887999 3.3624501 3.5109661 3.4873933 3.5548047 3.5888694 3.6267800 3.8212740 3.7187819 3.5801054 3.9770982 3.7804254 3.8828812 3.4130400 3.4409784 3.5447261 3.5266569 3.5534036 3.5918175 3.7713645 3.3269631 3.4740368 4.1739846 3.8250591 0.8570001 4.5313875 4.0319685 3.9701244 4.0302810 4.5799332 
OR951350.1  0.6534286 0.5764312 0.0000000 3.3078915 3.3219117 3.3158895 3.2744718 2.8321056 2.8942014 3.0571701 2.9082869 2.9109574 3.2372112 3.1514701 3.1389208 3.1933450 3.1116750 3.7774199 3.1206013 3.1957080 3.3617898 3.2948874 3.2885016 3.3695182 3.3977078 3.5975260 3.6119980 3.3514086 3.3063430 3.8212638 3.0599615 3.3414374 3.6761305 3.2430386 0.8415525 4.2819236 3.6865634 3.6769075 3.6144616 3.9958902 
KJ641687.1  3.2708379 3.6808289 3.3078915 0.0000000 0.0267640 0.0273549 1.1181700 1.2054757 1.1863763 1.1958023 1.2339039 1.2070540 1.2079837 1.2248172 1.2319856 1.2729617 1.2897078 1.6648447 1.1732340 1.0985199 1.0532972 1.1469205 1.1845787 1.8467077 1.8481789 1.8764206 1.8594983 1.9028878 1.8784794 2.0334147 1.7634248 1.7868912 1.6128185 1.4780434 3.0093582 2.9050309 2.5351936 2.9250832 2.8880513 3.5826166 
KJ641690.1  3.2751244 3.7895638 3.3219117 0.0267640 0.0000000 0.0333674 1.1475140 1.2165560 1.1943026 1.2123275 1.2399287 1.2168478 1.2268673 1.2442137 1.2420610 1.2992002 1.3247130 1.6533255 1.1911042 1.1023332 1.0495369 1.1514116 1.1789761 1.8353464 1.8444250 1.8719481 1.8310054 1.8711567 1.8524351 2.0172737 1.7741675 1.7777971 1.6063429 1.5014234 3.0337947 2.9614215 2.5561738 2.9391555 2.8940604 3.5836556 
KJ641699.1  3.3110584 3.7749162 3.3158895 0.0273549 0.0333674 0.0000000 1.1275233 1.2134600 1.1815124 1.1984876 1.2258332 1.2003285 1.2063926 1.2197320 1.2230771 1.2770969 1.2997293 1.6503972 1.1697887 1.0924765 1.0431836 1.1273956 1.1526942 1.8210477 1.8242646 1.8460349 1.8362693 1.8860366 1.8310654 2.0040380 1.7706855 1.7992206 1.6317307 1.4769373 2.9695386 2.9149898 2.5209674 2.9520720 2.9004913 3.6200167 
KJ641693.1  3.4261096 3.5708049 3.2744718 1.1181700 1.1475140 1.1275233 0.0000000 0.9696404 0.9920795 0.9855474 0.9835989 0.9597863 0.9786161 1.0055871 0.9802190 1.0220302 1.0250974 1.2564002 0.9120284 1.0059669 1.0372841 1.0373572 1.0106388 1.7209501 1.7221847 1.7282555 1.7144006 1.7500901 1.7169323 1.8086453 1.6704923 1.7021720 1.4887622 1.4577899 2.6246930 2.9229556 2.3638415 2.8075992 2.8881429 3.2265416 
PP711912.1  3.1370374 3.3803464 2.8321056 1.2054757 1.2165560 1.2134600 0.9696404 0.0000000 0.0851329 0.3019881 0.4052737 0.3985947 0.4191971 0.5319988 0.5299677 0.5394930 0.5287224 0.6122034 0.8452368 1.0865214 1.1056603 1.1297994 1.1260342 1.7660729 1.7764114 1.7051423 1.7245203 1.7287809 1.6810969 1.8505546 1.6555980 1.6798551 1.5111660 1.4983170 2.5650894 2.6603353 2.3395823 2.5981693 2.8133373 2.9556113 
PP711913.1  3.1408907 3.4280138 2.8942014 1.1863763 1.1943026 1.1815124 0.9920795 0.0851329 0.0000000 0.3014601 0.4067747 0.4034788 0.4153904 0.5119036 0.5098394 0.5409249 0.5188265 0.6027676 0.8518180 1.0846783 1.0898790 1.1279163 1.1282507 1.7619707 1.7733287 1.7006478 1.7039083 1.7205146 1.7113263 1.8556282 1.6595591 1.6945136 1.5322700 1.4802276 2.5815586 2.6292610 2.3155492 2.6146909 2.8494651 2.9037253 
PP711945.1  3.2967691 3.3248193 3.0571701 1.1958023 1.2123275 1.1984876 0.9855474 0.3019881 0.3014601 0.0000000 0.3848945 0.3855698 0.4094633 0.5204952 0.5108388 0.5402449 0.5203263 0.6274021 0.8600706 1.0743991 1.0456117 1.1333441 1.1246778 1.7263411 1.7479241 1.7327946 1.7353080 1.7151180 1.7546263 1.8306440 1.7297104 1.7470431 1.5591665 1.4621449 2.5768505 2.6800349 2.3411024 2.7447806 2.8084532 2.9698287 
PP711930.1  3.2992716 3.3887999 2.9082869 1.2339039 1.2399287 1.2258332 0.9835989 0.4052737 0.4067747 0.3848945 0.0000000 0.0482679 0.3657839 0.5380722 0.5246976 0.5368500 0.5268286 0.6115749 0.8602092 1.0819234 1.0947483 1.1546742 1.1809229 1.7593929 1.7840015 1.7856348 1.7536576 1.8526748 1.7717246 1.8854519 1.7580095 1.7711831 1.5488999 1.4627197 2.4740871 2.7542098 2.3716610 2.7037514 2.8113519 3.1418174 
PP711909.1  3.3164823 3.3624501 2.9109574 1.2070540 1.2168478 1.2003285 0.9597863 0.3985947 0.4034788 0.3855698 0.0482679 0.0000000 0.3517432 0.5240245 0.5044095 0.5260330 0.5051939 0.6049775 0.8421232 1.0338973 1.0592107 1.1334513 1.1505162 1.7117065 1.7251319 1.7259752 1.7089152 1.7718194 1.7294393 1.8478444 1.6777382 1.7046734 1.5193248 1.4673887 2.4581864 2.7449520 2.3410816 2.6855795 2.8557356 3.0785139 
PP711928.1  3.4164832 3.5109661 3.2372112 1.2079837 1.2268673 1.2063926 0.9786161 0.4191971 0.4153904 0.4094633 0.3657839 0.3517432 0.0000000 0.5486044 0.5390712 0.5661722 0.5539952 0.6581072 0.8740430 1.0643002 1.1200693 1.2031373 1.1745772 1.7437734 1.7691532 1.7414185 1.7377432 1.7520884 1.7368722 1.9215390 1.7077676 1.6946356 1.5810892 1.5179416 2.7317026 2.8434104 2.4877178 2.7811487 2.8854859 3.0586972 
OQ818325    3.3094878 3.4873933 3.1514701 1.2248172 1.2442137 1.2197320 1.0055871 0.5319988 0.5119036 0.5204952 0.5380722 0.5240245 0.5486044 0.0000000 0.0540500 0.4898886 0.4913960 0.5664300 0.8961923 1.0537245 1.1172002 1.1412531 1.1229163 1.9292170 1.9314401 1.9176103 1.9351349 1.8784548 1.8527940 2.0148781 1.7783704 1.8274421 1.6478181 1.5488764 2.7206672 2.8110876 2.4897528 2.7328660 2.9270960 3.0839372 
OQ818328    3.2880864 3.5548047 3.1389208 1.2319856 1.2420610 1.2230771 0.9802190 0.5299677 0.5098394 0.5108388 0.5246976 0.5044095 0.5390712 0.0540500 0.0000000 0.4859990 0.4865454 0.5469941 0.8678023 1.0452654 1.1031832 1.1201092 1.0946420 1.8722468 1.8788670 1.8410080 1.8891932 1.8555860 1.8437565 1.9950940 1.7637454 1.8261633 1.6456984 1.5487450 2.7035988 2.7408996 2.4077174 2.7378273 2.8631883 3.0975826 
PP766469    3.2538933 3.5888694 3.1933450 1.2729617 1.2992002 1.2770969 1.0220302 0.5394930 0.5409249 0.5402449 0.5368500 0.5260330 0.5661722 0.4898886 0.4859990 0.0000000 0.1780275 0.4462173 0.9316805 1.1379712 1.1155351 1.1271434 1.0855564 1.9215712 1.9318063 1.9307479 1.9050045 1.7946341 1.8197710 2.0081358 1.8070390 1.8613331 1.7165349 1.5577987 2.6351962 2.9153877 2.4466910 2.7217512 2.8844022 3.2010747 
PV788825    3.2023537 3.6267800 3.1116750 1.2897078 1.3247130 1.2997293 1.0250974 0.5287224 0.5188265 0.5203263 0.5268286 0.5051939 0.5539952 0.4913960 0.4865454 0.1780275 0.0000000 0.4768013 0.9194592 1.1534647 1.1090744 1.1431952 1.1251122 1.9377131 1.9435155 1.9419472 1.9135903 1.8252983 1.7966494 1.9836459 1.7666986 1.8125877 1.7230920 1.5694741 2.6777295 2.7648182 2.4455786 2.6385714 2.7482341 3.0554804 
PP766472    3.7391760 3.8212740 3.7774199 1.6648447 1.6533255 1.6503972 1.2564002 0.6122034 0.6027676 0.6274021 0.6115749 0.6049775 0.6581072 0.5664300 0.5469941 0.4462173 0.4768013 0.0000000 1.0881705 1.3174182 1.3208491 1.3989059 1.3981527 2.5845691 2.6262531 2.6803953 2.6163357 2.4998837 2.5673930 2.7770903 2.3694796 2.3728030 2.4086140 2.2045679 2.9864026 3.1567106 2.7471510 3.4308526 3.5548951 3.8241568 
PP711946.1  3.4513497 3.7187819 3.1206013 1.1732340 1.1911042 1.1697887 0.9120284 0.8452368 0.8518180 0.8600706 0.8602092 0.8421232 0.8740430 0.8961923 0.8678023 0.9316805 0.9194592 1.0881705 0.0000000 1.0422048 1.0234060 1.0361602 1.0539702 1.7269360 1.7202791 1.7010803 1.6729675 1.7050215 1.6970388 1.9241451 1.6324632 1.6624776 1.5433980 1.4643488 2.5394251 2.9009277 2.4050820 2.9792196 3.0638676 3.1362635 
PP745912.1  3.1021491 3.5801054 3.1957080 1.0985199 1.1023332 1.0924765 1.0059669 1.0865214 1.0846783 1.0743991 1.0819234 1.0338973 1.0643002 1.0537245 1.0452654 1.1379712 1.1534647 1.3174182 1.0422048 0.0000000 0.7669358 1.0926060 1.0732780 1.7468218 1.7366476 1.7566350 1.7412359 1.6918895 1.6654824 1.7855124 1.6026962 1.8162692 1.5622361 1.5514618 2.8620746 2.9887889 2.4997867 3.0577465 3.1205677 3.2358058 
PP746000.1  3.6156265 3.9770982 3.3617898 1.0532972 1.0495369 1.0431836 1.0372841 1.1056603 1.0898790 1.0456117 1.0947483 1.0592107 1.1200693 1.1172002 1.1031832 1.1155351 1.1090744 1.3208491 1.0234060 0.7669358 0.0000000 0.9707340 0.9268342 1.8975719 1.9188283 1.8759488 1.9074855 1.8702216 1.8562999 1.9317152 1.9294366 1.8719092 1.5627739 1.4902218 2.9980336 3.1658482 2.6598995 2.9934155 2.9635986 3.5611316 
KJ641694.1  3.4788498 3.7804254 3.2948874 1.1469205 1.1514116 1.1273956 1.0373572 1.1297994 1.1279163 1.1333441 1.1546742 1.1334513 1.2031373 1.1412531 1.1201092 1.1271434 1.1431952 1.3989059 1.0361602 1.0926060 0.9707340 0.0000000 0.1922621 1.8208742 1.8392075 1.7936190 1.7794050 1.7328204 1.7472150 1.8885881 1.6457970 1.7811758 1.5555514 1.4078188 2.7609305 2.9663814 2.5106244 2.7939385 2.8612917 3.1833631 
OQ363777.1  3.4623962 3.8828812 3.2885016 1.1845787 1.1789761 1.1526942 1.0106388 1.1260342 1.1282507 1.1246778 1.1809229 1.1505162 1.1745772 1.1229163 1.0946420 1.0855564 1.1251122 1.3981527 1.0539702 1.0732780 0.9268342 0.1922621 0.0000000 1.8117685 1.8156292 1.7793806 1.7681889 1.7949961 1.7617515 1.8658707 1.6433486 1.7565573 1.6144750 1.4082385 2.8972283 2.9324028 2.5159874 2.8984925 2.8775325 3.1550555 
KJ641688.1  3.6148927 3.4130400 3.3695182 1.8467077 1.8353464 1.8210477 1.7209501 1.7660729 1.7619707 1.7263411 1.7593929 1.7117065 1.7437734 1.9292170 1.8722468 1.9215712 1.9377131 2.5845691 1.7269360 1.7468218 1.8975719 1.8208742 1.8117685 0.0000000 0.0231914 0.0493975 0.0614547 0.6789653 0.6717996 0.7360159 0.6820885 0.7387503 1.6238720 1.6322225 2.8002725 3.4531508 2.5506708 3.1221216 3.2914535 3.3003122 
KJ641692.1  3.6392583 3.4409784 3.3977078 1.8481789 1.8444250 1.8242646 1.7221847 1.7764114 1.7733287 1.7479241 1.7840015 1.7251319 1.7691532 1.9314401 1.8788670 1.9318063 1.9435155 2.6262531 1.7202791 1.7366476 1.9188283 1.8392075 1.8156292 0.0231914 0.0000000 0.0474415 0.0610671 0.6769568 0.6710330 0.7376824 0.6828178 0.7449237 1.6054695 1.6296782 2.7796042 3.4703679 2.5488608 3.1272295 3.2567517 3.2782027 
OR951227.1  3.6298574 3.5447261 3.5975260 1.8764206 1.8719481 1.8460349 1.7282555 1.7051423 1.7006478 1.7327946 1.7856348 1.7259752 1.7414185 1.9176103 1.8410080 1.9307479 1.9419472 2.6803953 1.7010803 1.7566350 1.8759488 1.7936190 1.7793806 0.0493975 0.0474415 0.0000000 0.0613174 0.6563282 0.6498397 0.7006040 0.6833071 0.7055907 1.5677679 1.6324308 2.9085848 3.5420916 2.5794319 3.2311339 3.4217665 3.4809470 
NC_076039.1 3.6294817 3.5266569 3.6119980 1.8594983 1.8310054 1.8362693 1.7144006 1.7245203 1.7039083 1.7353080 1.7536576 1.7089152 1.7377432 1.9351349 1.8891932 1.9050045 1.9135903 2.6163357 1.6729675 1.7412359 1.9074855 1.7794050 1.7681889 0.0614547 0.0610671 0.0613174 0.0000000 0.6483775 0.6530259 0.6864175 0.6803192 0.7070703 1.5536064 1.6223747 2.8953024 3.5102105 2.6647373 3.1769211 3.3882016 3.3073815 
NC_076040.1 3.3009063 3.5534036 3.3514086 1.9028878 1.8711567 1.8860366 1.7500901 1.7287809 1.7205146 1.7151180 1.8526748 1.7718194 1.7520884 1.8784548 1.8555860 1.7946341 1.8252983 2.4998837 1.7050215 1.6918895 1.8702216 1.7328204 1.7949961 0.6789653 0.6769568 0.6563282 0.6483775 0.0000000 0.2263986 0.3404473 0.5210613 0.7310624 1.6206930 1.6181687 2.7756535 3.4839760 2.5432484 3.1035600 3.0653494 3.2741971 
ON375332.1  3.2800906 3.5918175 3.3063430 1.8784794 1.8524351 1.8310654 1.7169323 1.6810969 1.7113263 1.7546263 1.7717246 1.7294393 1.7368722 1.8527940 1.8437565 1.8197710 1.7966494 2.5673930 1.6970388 1.6654824 1.8562999 1.7472150 1.7617515 0.6717996 0.6710330 0.6498397 0.6530259 0.2263986 0.0000000 0.2493255 0.5107257 0.7193995 1.6303925 1.5879320 2.7054708 3.4020629 2.5338433 3.0362426 2.9456365 3.2865475 
ON375333.1  3.6964708 3.7713645 3.8212638 2.0334147 2.0172737 2.0040380 1.8086453 1.8505546 1.8556282 1.8306440 1.8854519 1.8478444 1.9215390 2.0148781 1.9950940 2.0081358 1.9836459 2.7770903 1.9241451 1.7855124 1.9317152 1.8885881 1.8658707 0.7360159 0.7376824 0.7006040 0.6864175 0.3404473 0.2493255 0.0000000 0.5504544 0.7490653 1.7800802 1.7546304 3.0453847 3.6062448 2.6068008 3.2827692 3.2934162 3.4077187 
OR951221.1  3.1959039 3.3269631 3.0599615 1.7634248 1.7741675 1.7706855 1.6704923 1.6555980 1.6595591 1.7297104 1.7580095 1.6777382 1.7077676 1.7783704 1.7637454 1.8070390 1.7666986 2.3694796 1.6324632 1.6026962 1.9294366 1.6457970 1.6433486 0.6820885 0.6828178 0.6833071 0.6803192 0.5210613 0.5107257 0.5504544 0.0000000 0.8328355 1.5207190 1.5427490 2.5002977 3.4923902 2.6285358 2.8435752 2.9898131 3.4051251 
OR951297.1  3.3648803 3.4740368 3.3414374 1.7868912 1.7777971 1.7992206 1.7021720 1.6798551 1.6945136 1.7470431 1.7711831 1.7046734 1.6946356 1.8274421 1.8261633 1.8613331 1.8125877 2.3728030 1.6624776 1.8162692 1.8719092 1.7811758 1.7565573 0.7387503 0.7449237 0.7055907 0.7070703 0.7310624 0.7193995 0.7490653 0.8328355 0.0000000 1.5984241 1.5769004 2.6933776 3.8209301 2.5327318 3.1048446 3.1743103 3.3459248 
KJ641689.1  3.9473141 4.1739846 3.6761305 1.6128185 1.6063429 1.6317307 1.4887622 1.5111660 1.5322700 1.5591665 1.5488999 1.5193248 1.5810892 1.6478181 1.6456984 1.7165349 1.7230920 2.4086140 1.5433980 1.5622361 1.5627739 1.5555514 1.6144750 1.6238720 1.6054695 1.5677679 1.5536064 1.6206930 1.6303925 1.7800802 1.5207190 1.5984241 0.0000000 0.6710752 3.0078751 3.3451940 2.5566702 3.1605107 3.2265584 3.5163148 
KJ641696.1  3.4437001 3.8250591 3.2430386 1.4780434 1.5014234 1.4769373 1.4577899 1.4983170 1.4802276 1.4621449 1.4627197 1.4673887 1.5179416 1.5488764 1.5487450 1.5577987 1.5694741 2.2045679 1.4643488 1.5514618 1.4902218 1.4078188 1.4082385 1.6322225 1.6296782 1.6324308 1.6223747 1.6181687 1.5879320 1.7546304 1.5427490 1.5769004 0.6710752 0.0000000 2.7124788 3.2990906 2.5669960 2.8962772 3.0203133 3.2844358 
OR951337.1  1.0211600 0.8570001 0.8415525 3.0093582 3.0337947 2.9695386 2.6246930 2.5650894 2.5815586 2.5768505 2.4740871 2.4581864 2.7317026 2.7206672 2.7035988 2.6351962 2.6777295 2.9864026 2.5394251 2.8620746 2.9980336 2.7609305 2.8972283 2.8002725 2.7796042 2.9085848 2.8953024 2.7756535 2.7054708 3.0453847 2.5002977 2.6933776 3.0078751 2.7124788 0.0000000 4.1173414 3.3221121 3.5700954 3.5021160 3.7313265 
NC_001547.1 4.3844376 4.5313875 4.2819236 2.9050309 2.9614215 2.9149898 2.9229556 2.6603353 2.6292610 2.6800349 2.7542098 2.7449520 2.8434104 2.8110876 2.7408996 2.9153877 2.7648182 3.1567106 2.9009277 2.9887889 3.1658482 2.9663814 2.9324028 3.4531508 3.4703679 3.5420916 3.5102105 3.4839760 3.4020629 3.6062448 3.4923902 3.8209301 3.3451940 3.2990906 4.1173414 0.0000000 4.3854284 4.8767589 4.7884513 4.6325814 
KP054274.1  3.6328841 4.0319685 3.6865634 2.5351936 2.5561738 2.5209674 2.3638415 2.3395823 2.3155492 2.3411024 2.3716610 2.3410816 2.4877178 2.4897528 2.4077174 2.4466910 2.4455786 2.7471510 2.4050820 2.4997867 2.6598995 2.5106244 2.5159874 2.5506708 2.5488608 2.5794319 2.6647373 2.5432484 2.5338433 2.6068008 2.6285358 2.5327318 2.5566702 2.5669960 3.3221121 4.3854284 0.0000000 3.2807141 3.0334530 3.9955716 
MN602325.1  3.4794031 3.9701244 3.6769075 2.9250832 2.9391555 2.9520720 2.8075992 2.5981693 2.6146909 2.7447806 2.7037514 2.6855795 2.7811487 2.7328660 2.7378273 2.7217512 2.6385714 3.4308526 2.9792196 3.0577465 2.9934155 2.7939385 2.8984925 3.1221216 3.1272295 3.2311339 3.1769211 3.1035600 3.0362426 3.2827692 2.8435752 3.1048446 3.1605107 2.8962772 3.5700954 4.8767589 3.2807141 0.0000000 0.5961755 4.0972668 
NC_043071.1 3.3699190 4.0302810 3.6144616 2.8880513 2.8940604 2.9004913 2.8881429 2.8133373 2.8494651 2.8084532 2.8113519 2.8557356 2.8854859 2.9270960 2.8631883 2.8844022 2.7482341 3.5548951 3.0638676 3.1205677 2.9635986 2.8612917 2.8775325 3.2914535 3.2567517 3.4217665 3.3882016 3.0653494 2.9456365 3.2934162 2.9898131 3.1743103 3.2265584 3.0203133 3.5021160 4.7884513 3.0334530 0.5961755 0.0000000 4.2399174 
MZ218061.1  3.8904900 4.5799332 3.9958902 3.5826166 3.5836556 3.6200167 3.2265416 2.9556113 2.9037253 2.9698287 3.1418174 3.0785139 3.0586972 3.0839372 3.0975826 3.2010747 3.0554804 3.8241568 3.1362635 3.2358058 3.5611316 3.1833631 3.1550555 3.3003122 3.2782027 3.4809470 3.3073815 3.2741971 3.2865475 3.4077187 3.4051251 3.3459248 3.5163148 3.2844358 3.7313265 4.6325814 3.9955716 4.0972668 4.2399174 0.0000000 
