60
OQ818320    0.0000000 0.0626366 0.1305706 0.6963094 0.6453703 1.1385598 1.1182347 1.2687396 1.2441298 1.2711921 1.2990609 2.1596124 2.1717546 2.1842137 2.1491884 2.1478144 2.1654963 2.1667749 2.1383323 2.1442872 2.1444067 2.1434345 2.2088623 2.1288840 2.1889368 2.1405452 2.1456930 2.1456930 2.1459136 2.1459136 2.1755212 2.1639244 2.1657772 2.1659691 2.1623863 2.1320219 2.1304503 2.1782576 2.1599036 2.1294436 2.1399502 2.1428685 2.2179205 2.1383061 2.1840213 2.1775191 2.1296760 2.0996580 2.1717732 2.1527796 2.2441292 2.3131358 2.1456391 2.3189979 2.3118009 2.4876932 2.8292411 2.7334869 3.4496080 5.8010162 
NC_033820.1 0.0626366 0.0000000 0.1093790 0.7004393 0.6540744 1.1801041 1.1154277 1.2658220 1.2438362 1.2926863 1.3027949 2.1300684 2.1662454 2.1764787 2.1928856 2.1932685 2.1781662 2.1791915 2.1154650 2.1651290 2.1652451 2.1642692 2.2020026 2.1575812 2.1820249 2.1418103 2.1445876 2.1416310 2.1446765 2.1483507 2.1513786 2.1661176 2.1679667 2.1681583 2.1645828 2.1366804 2.0950341 2.1631510 2.1293377 2.1512296 2.1579572 2.1193319 2.2218367 2.1413226 2.1767707 2.1685577 2.1578281 2.1013762 2.1847928 2.1625302 2.2859034 2.3191469 2.1425588 2.2884308 2.3377437 2.4402699 2.8946411 2.6859953 3.4135771 5.7834954 
PP711943.1  0.1305706 0.1093790 0.0000000 0.6888564 0.6560701 1.1607874 1.1039887 1.2724010 1.2597226 1.2680410 1.2914337 2.1647510 2.1835332 2.2090166 2.1479470 2.1530307 2.1879008 2.1778125 2.1412154 2.1643815 2.1629808 2.1617685 2.1937292 2.1856786 2.1957482 2.1659489 2.1219457 2.1288131 2.1269032 2.1337824 2.1805963 2.2396834 2.2415882 2.2417882 2.2399487 2.1653351 2.1397337 2.1404897 2.1351554 2.1795778 2.1904182 2.1651887 2.2370826 2.1710879 2.2040620 2.1999013 2.1808739 2.1130441 2.1987802 2.1477706 2.2323463 2.3495801 2.1942575 2.2488474 2.3313726 2.4699211 2.8258357 2.7350706 3.4212457 5.9342076 
OQ818321    0.6963094 0.7004393 0.6888564 0.0000000 0.1672030 1.2244510 1.2006863 1.2585825 1.2649840 1.3037068 1.2792755 2.2435763 2.2815120 2.3040516 2.2852375 2.2881001 2.2874917 2.2903883 2.2303667 2.2349086 2.2376775 2.2340496 2.3089053 2.2362192 2.2435272 2.2870267 2.2462538 2.2491364 2.2478419 2.2507259 2.2346527 2.2410453 2.2429598 2.2465856 2.2497371 2.2275885 2.2487801 2.2447081 2.2716608 2.2297716 2.2381235 2.2760599 2.3440282 2.3152523 2.2751962 2.2634908 2.2920933 2.2712001 2.2828035 2.2434183 2.3798285 2.4533755 2.3478172 2.3020490 2.3221277 2.4687939 2.8117127 2.9459487 3.3839462 5.9065199 
PP711921.1  0.6453703 0.6540744 0.6560701 0.1672030 0.0000000 1.1941936 1.1773893 1.2347902 1.2782572 1.3407037 1.3467365 2.4093830 2.4163676 2.3870635 2.4016762 2.4126588 2.3773173 2.3835448 2.3820868 2.3645761 2.3619868 2.3679260 2.4316297 2.3913605 2.4241742 2.4117400 2.4054888 2.4089586 2.4057670 2.4092371 2.3634511 2.3662074 2.3684948 2.3728147 2.3809764 2.4124425 2.3860956 2.3733081 2.3938252 2.4421645 2.4453730 2.4012052 2.3724344 2.3744208 2.4311849 2.4086286 2.4198808 2.4269280 2.4008878 2.4762701 2.5074427 2.5902073 2.4981130 2.4606706 2.4682869 2.7252146 2.9386330 3.0206177 3.5281364 6.0336327 
OQ818329    1.1385598 1.1801041 1.1607874 1.2244510 1.1941936 0.0000000 0.4109496 0.6605027 0.6251702 0.6720220 0.6794273 2.0236553 2.0720984 2.0484072 2.0507080 2.0542247 2.0632619 2.0513033 2.0115356 2.0774110 2.0705345 2.0768661 2.1136652 2.0408248 2.0644220 2.0470477 2.0892731 2.0906228 2.0862008 2.0875488 2.0808216 2.0558202 2.0575526 2.0608480 2.0622879 2.0942668 2.0202362 2.0525348 2.0127371 2.0609061 2.0821121 2.0966597 2.0895048 2.0800536 2.0644233 2.0529549 2.0419584 2.0618706 2.1300884 2.0768911 2.2673657 2.3603749 2.2739457 2.1471945 2.4813792 2.4842983 2.7455503 2.6099120 3.1679490 5.6399446 
PP711911.1  1.1182347 1.1154277 1.1039887 1.2006863 1.1773893 0.4109496 0.0000000 0.6685139 0.6158249 0.6645396 0.6494713 2.0949154 2.0990499 2.0852752 2.0889544 2.0927049 2.0630830 2.0699880 2.0441552 2.0885261 2.0813297 2.0845847 2.0935633 2.0554625 2.1168064 2.0214699 2.0433332 2.0433332 2.0481777 2.0481777 2.0893454 2.0453872 2.0471125 2.0503953 2.0518301 2.0957293 2.0926258 2.0828071 2.0876011 2.0470109 2.0575361 2.1281575 2.1199564 2.0896462 2.0850838 2.0737723 2.0347857 2.1357963 2.1329002 2.0974207 2.2300114 2.3444925 2.2785131 2.2892752 2.4784667 2.6753242 2.7165354 2.7041012 3.1202603 5.6002129 
OR951325.1  1.2687396 1.2658220 1.2724010 1.2585825 1.2347902 0.6605027 0.6685139 0.0000000 0.1578120 0.5798464 0.5817572 2.1475303 2.1409236 2.1478174 2.1766541 2.1912523 2.1794203 2.1785593 2.1663703 2.1723353 2.1703461 2.1725653 2.1899340 2.1405009 2.1262011 2.1628934 2.1619493 2.1619493 2.1621782 2.1621782 2.1796818 2.1446176 2.1465083 2.1500975 2.1516615 2.2171794 2.1828266 2.1722499 2.2211129 2.1433618 2.1407522 2.1896567 2.2012874 2.1899022 2.1820806 2.1674965 2.1525723 2.2124765 2.1735876 2.1538177 2.2935450 2.3667979 2.2853840 2.1911164 2.5471831 2.4832893 2.7508350 2.6723196 3.0118808 5.6172418 
OR951332.1  1.2441298 1.2438362 1.2597226 1.2649840 1.2782572 0.6251702 0.6158249 0.1578120 0.0000000 0.5318966 0.5348572 2.0818369 2.0702834 2.0696754 2.0530260 2.0697368 2.0602050 2.0644293 2.1160824 2.1013636 2.0991316 2.0997817 2.1625544 2.0632206 2.0251024 2.0648758 2.0986014 2.0986014 2.0988248 2.0988248 2.0983131 2.0872459 2.0890916 2.0926000 2.0941315 2.1114217 2.1145173 2.1413839 2.1716911 2.0412095 2.0519054 2.1293768 2.1413532 2.2031629 2.0979131 2.0890382 2.0277812 2.1506102 2.1381391 2.1511143 2.2635475 2.3356455 2.2756730 2.1754649 2.5395368 2.4553491 2.8524131 2.7231672 3.0247148 5.3957262 
OR951326.1  1.2711921 1.2926863 1.2680410 1.3037068 1.3407037 0.6720220 0.6645396 0.5798464 0.5318966 0.0000000 0.0695808 2.1893267 2.2259630 2.2256980 2.2329361 2.2363173 2.2217782 2.2249419 2.1947141 2.1856875 2.1764227 2.1822624 2.2450874 2.1788016 2.1590819 2.1857522 2.1903711 2.1962441 2.1904611 2.1954391 2.1843941 2.2085331 2.2067530 2.2103905 2.2119726 2.2182528 2.1886779 2.1613584 2.1792504 2.1510661 2.1537048 2.2485025 2.2444084 2.2374687 2.2028161 2.1891006 2.2204772 2.2373101 2.2691561 2.1615068 2.4476071 2.4772526 2.2972941 2.2927591 2.6418803 2.5049346 2.8956967 2.6992785 3.1453591 5.4688669 
OR951327.1  1.2990609 1.3027949 1.2914337 1.2792755 1.3467365 0.6794273 0.6494713 0.5817572 0.5348572 0.0695808 0.0000000 2.1833555 2.2057117 2.2066743 2.2228041 2.2261882 2.2054429 2.2101907 2.1546745 2.1921300 2.1757100 2.1886752 2.2357182 2.1849694 2.1797373 2.1884897 2.1725844 2.1796733 2.1760759 2.1810673 2.1969916 2.1973108 2.1955286 2.1991705 2.2042044 2.2079386 2.1878630 2.1615472 2.2033215 2.1671491 2.1832288 2.2430806 2.2749539 2.2203967 2.2111289 2.1935904 2.2445607 2.2497033 2.2842639 2.2147959 2.4401847 2.4676363 2.3083969 2.3244800 2.6214943 2.4365275 2.8806313 2.6569304 3.1151618 5.5392159 
HQ875059.1  2.1596124 2.1300684 2.1647510 2.2435763 2.4093830 2.0236553 2.0949154 2.1475303 2.0818369 2.1893267 2.1833555 0.0000000 0.1206862 0.1215560 0.1197107 0.1199891 0.1467352 0.1462288 0.1185687 0.1282570 0.1282142 0.1274540 0.1267813 0.1283033 0.1591337 0.1698158 0.1731073 0.1731073 0.1737949 0.1737949 0.1739870 0.1632519 0.1630285 0.1632519 0.1634869 0.1939847 0.1599577 0.1454608 0.1674749 0.2061708 0.2080731 0.1960671 0.2118444 0.2212054 0.1991895 0.1989254 0.2180297 0.1966078 0.1812600 0.2009224 0.4431973 1.4863490 1.5364695 1.5800231 1.9354917 2.3978930 2.4777991 2.5473507 2.8914357 4.2608127 
JX286666.1  2.1717546 2.1662454 2.1835332 2.2815120 2.4163676 2.0720984 2.0990499 2.1409236 2.0702834 2.2259630 2.2057117 0.1206862 0.0000000 0.0256631 0.1118384 0.1137176 0.1435619 0.1434192 0.1148307 0.1140572 0.1134646 0.1134578 0.1142337 0.1198457 0.1367551 0.1637249 0.1567266 0.1562290 0.1571630 0.1568880 0.1605137 0.1556637 0.1554447 0.1560742 0.1569249 0.1841889 0.1523212 0.1382267 0.1625162 0.2015551 0.2016159 0.1798030 0.2109275 0.2245652 0.1795807 0.1799378 0.2057125 0.1892195 0.1744392 0.1867634 0.4440236 1.4396890 1.5156659 1.5605870 1.9203107 2.3706045 2.4733718 2.5111670 2.7490253 4.0761038 
KF539414.1  2.1842137 2.1764787 2.2090166 2.3040516 2.3870635 2.0484072 2.0852752 2.1478174 2.0696754 2.2256980 2.2066743 0.1215560 0.0256631 0.0000000 0.1148888 0.1167850 0.1465766 0.1464338 0.1188242 0.1201646 0.1193913 0.1195540 0.1193917 0.1256923 0.1442724 0.1588912 0.1630906 0.1625685 0.1635334 0.1632449 0.1654531 0.1585615 0.1583411 0.1589744 0.1598303 0.1902572 0.1556706 0.1423348 0.1632851 0.2048931 0.2043263 0.1856517 0.2213790 0.2292598 0.1840737 0.1837805 0.2066470 0.1950017 0.1742328 0.1865300 0.4544079 1.4275958 1.4985099 1.5439140 1.9028848 2.4069769 2.4855539 2.5345706 2.7805958 4.1003580 
MN755857.1  2.1491884 2.1928856 2.1479470 2.2852375 2.4016762 2.0507080 2.0889544 2.1766541 2.0530260 2.2329361 2.2228041 0.1197107 0.1118384 0.1148888 0.0000000 0.0045392 0.0547139 0.0537082 0.1025171 0.1223339 0.1215594 0.1212061 0.1163134 0.1259855 0.1438959 0.1586145 0.1548805 0.1548076 0.1557416 0.1556682 0.1600540 0.1422574 0.1420461 0.1426552 0.1432749 0.1851694 0.1528519 0.1492744 0.1673632 0.1963393 0.1960136 0.1797777 0.2123539 0.2203464 0.1874267 0.1878430 0.2009873 0.1896527 0.1753482 0.1897383 0.4309064 1.4690589 1.5672015 1.5843200 1.9467647 2.3735503 2.4977654 2.5270389 2.8157772 4.1360653 
MN755858.1  2.1478144 2.1932685 2.1530307 2.2881001 2.4126588 2.0542247 2.0927049 2.1912523 2.0697368 2.2363173 2.2261882 0.1199891 0.1137176 0.1167850 0.0045392 0.0000000 0.0504337 0.0494450 0.1017429 0.1225121 0.1217373 0.1213839 0.1159173 0.1275484 0.1455520 0.1592240 0.1532377 0.1531656 0.1540960 0.1540234 0.1600234 0.1413797 0.1411687 0.1417772 0.1423963 0.1845144 0.1542895 0.1502725 0.1683823 0.1997801 0.1996518 0.1825551 0.2130189 0.2199009 0.1885033 0.1891420 0.2029720 0.1926086 0.1779664 0.1909597 0.4326768 1.4694842 1.5616184 1.5713997 1.9415414 2.3767537 2.5123865 2.5143881 2.8257973 4.1765555 
MN755859.1  2.1654963 2.1781662 2.1879008 2.2874917 2.3773173 2.0632619 2.0630830 2.1794203 2.0602050 2.2217782 2.2054429 0.1467352 0.1435619 0.1465766 0.0547139 0.0504337 0.0000000 0.0018581 0.1276027 0.1481034 0.1478647 0.1474867 0.1421274 0.1518558 0.1578018 0.1383660 0.1457604 0.1456929 0.1465989 0.1465310 0.1413554 0.1307876 0.1305834 0.1311737 0.1317737 0.1718442 0.1646539 0.1685208 0.1716237 0.1880319 0.1884775 0.1851743 0.2146874 0.2226645 0.1935301 0.1937744 0.1838688 0.2110736 0.1957986 0.1871529 0.4395949 1.4789614 1.5646664 1.5642968 1.9347419 2.3995900 2.4829147 2.5359934 2.8300389 4.2059229 
MN755860.1  2.1667749 2.1791915 2.1778125 2.2903883 2.3835448 2.0513033 2.0699880 2.1785593 2.0644293 2.2249419 2.2101907 0.1462288 0.1434192 0.1464338 0.0537082 0.0494450 0.0018581 0.0000000 0.1275755 0.1493908 0.1491512 0.1487724 0.1424687 0.1517593 0.1583383 0.1374819 0.1458187 0.1457512 0.1466576 0.1465896 0.1417997 0.1322131 0.1320081 0.1326002 0.1332021 0.1719160 0.1646305 0.1685770 0.1710261 0.1885592 0.1890049 0.1851203 0.2139235 0.2232954 0.1941234 0.1943696 0.1843805 0.2104883 0.1952352 0.1876727 0.4381303 1.4836361 1.5688251 1.5636309 1.9340201 2.3917191 2.4847322 2.5308772 2.8316307 4.2097941 
OM328111.1  2.1383323 2.1154650 2.1412154 2.2303667 2.3820868 2.0115356 2.0441552 2.1663703 2.1160824 2.1947141 2.1546745 0.1185687 0.1148307 0.1188242 0.1025171 0.1017429 0.1276027 0.1275755 0.0000000 0.1165601 0.1167104 0.1159777 0.1118387 0.1217509 0.1514298 0.1582255 0.1549887 0.1549887 0.1549877 0.1549877 0.1655851 0.1544571 0.1542384 0.1548673 0.1559200 0.1853973 0.1628727 0.1561191 0.1722114 0.1998355 0.2011216 0.1846136 0.2201484 0.2262016 0.2005474 0.2010607 0.2120875 0.1913885 0.1798638 0.1858910 0.4473819 1.4437845 1.5486493 1.5547156 1.9098573 2.3643322 2.3906292 2.5428639 2.8035805 4.1504375 
OM037653.1  2.1442872 2.1651290 2.1643815 2.2349086 2.3645761 2.0774110 2.0885261 2.1723353 2.1013636 2.1856875 2.1921300 0.1282570 0.1140572 0.1201646 0.1223339 0.1225121 0.1481034 0.1493908 0.1165601 0.0000000 0.0023925 0.0015930 0.0979071 0.1298204 0.1408404 0.1688489 0.1668253 0.1668253 0.1672687 0.1672687 0.1769373 0.1713311 0.1711051 0.1717530 0.1724139 0.1827591 0.1604136 0.1548138 0.1769534 0.1992031 0.2001953 0.1820583 0.2167717 0.2219479 0.1856178 0.1855272 0.2084195 0.1980243 0.1870103 0.1993258 0.4395358 1.4333383 1.5309844 1.5821883 1.9235239 2.4204724 2.4307520 2.5053431 2.8220074 4.1889923 
OM037654.1  2.1444067 2.1652451 2.1629808 2.2376775 2.3619868 2.0705345 2.0813297 2.1703461 2.0991316 2.1764227 2.1757100 0.1282142 0.1134646 0.1193913 0.1215594 0.1217373 0.1478647 0.1491512 0.1167104 0.0023925 0.0000000 0.0013268 0.0970108 0.1290312 0.1416505 0.1683996 0.1682623 0.1682623 0.1687068 0.1687068 0.1764808 0.1724250 0.1721985 0.1728477 0.1735099 0.1830827 0.1606018 0.1541701 0.1771479 0.1991130 0.1996548 0.1818162 0.2172229 0.2221317 0.1844009 0.1847795 0.2086407 0.1968238 0.1861149 0.1981080 0.4393054 1.4320428 1.5282294 1.5857036 1.9276561 2.4160300 2.4213933 2.4993224 2.8144002 4.1690679 
OM037655.1  2.1434345 2.1642692 2.1617685 2.2340496 2.3679260 2.0768661 2.0845847 2.1725653 2.0997817 2.1822624 2.1886752 0.1274540 0.1134578 0.1195540 0.1212061 0.1213839 0.1474867 0.1487724 0.1159777 0.0015930 0.0013268 0.0000000 0.0968211 0.1286506 0.1412501 0.1679681 0.1674205 0.1674205 0.1678643 0.1678643 0.1756170 0.1724139 0.1721874 0.1728366 0.1734988 0.1829106 0.1595894 0.1535779 0.1766793 0.1996244 0.2001664 0.1820494 0.2172497 0.2228695 0.1848951 0.1848020 0.2091533 0.1968663 0.1865125 0.1978946 0.4391058 1.4309503 1.5296520 1.5845019 1.9231761 2.4220693 2.4224849 2.5017810 2.8196314 4.1944870 
OM037656.1  2.2088623 2.2020026 2.1937292 2.3089053 2.4316297 2.1136652 2.0935633 2.1899340 2.1625544 2.2450874 2.2357182 0.1267813 0.1142337 0.1193917 0.1163134 0.1159173 0.1421274 0.1424687 0.1118387 0.0979071 0.0970108 0.0968211 0.0000000 0.1143240 0.1504132 0.1760473 0.1697631 0.1697631 0.1702115 0.1702115 0.1673421 0.1641982 0.1639742 0.1646170 0.1652723 0.1873297 0.1636814 0.1551453 0.1718298 0.2054774 0.2074098 0.1902429 0.2231174 0.2218277 0.1933889 0.1933672 0.2239032 0.1910015 0.1865983 0.2004387 0.4392466 1.4563731 1.5479949 1.5689739 1.9399151 2.4212426 2.4700904 2.5680002 2.9434941 4.1844066 
MN685785.1  2.1288840 2.1575812 2.1856786 2.2362192 2.3913605 2.0408248 2.0554625 2.1405009 2.0632206 2.1788016 2.1849694 0.1283033 0.1198457 0.1256923 0.1259855 0.1275484 0.1518558 0.1517593 0.1217509 0.1298204 0.1290312 0.1286506 0.1143240 0.0000000 0.1439373 0.1754041 0.1755173 0.1749468 0.1759726 0.1756574 0.1812900 0.1724875 0.1722610 0.1724875 0.1735725 0.1864374 0.1538953 0.1476017 0.1690157 0.2073089 0.2086962 0.1883220 0.2238050 0.2209644 0.1983433 0.1985420 0.2067062 0.1921587 0.1839841 0.2079125 0.4413894 1.4661417 1.4927046 1.5201323 1.9110757 2.3806582 2.4880572 2.4904949 2.8711226 4.1355948 
ON146286.1  2.1889368 2.1820249 2.1957482 2.2435272 2.4241742 2.0644220 2.1168064 2.1262011 2.0251024 2.1590819 2.1797373 0.1591337 0.1367551 0.1442724 0.1438959 0.1455520 0.1578018 0.1583383 0.1514298 0.1408404 0.1416505 0.1412501 0.1504132 0.1439373 0.0000000 0.1753744 0.1681924 0.1677304 0.1686775 0.1683772 0.1807141 0.1715889 0.1713616 0.1720130 0.1724693 0.1934663 0.1737694 0.1713854 0.1814426 0.2050996 0.2050289 0.1836986 0.2218262 0.2242098 0.1934660 0.1933415 0.2116343 0.1900723 0.1902891 0.2063522 0.4347855 1.4723513 1.5379447 1.5848285 1.8863481 2.3919642 2.5232118 2.5314665 2.7920776 4.2458593 
LC493088.1  2.1405452 2.1418103 2.1659489 2.2870267 2.4117400 2.0470477 2.0214699 2.1628934 2.0648758 2.1857522 2.1884897 0.1698158 0.1637249 0.1588912 0.1586145 0.1592240 0.1383660 0.1374819 0.1582255 0.1688489 0.1683996 0.1679681 0.1760473 0.1754041 0.1753744 0.0000000 0.1428806 0.1426473 0.1435112 0.1432661 0.1418827 0.1283636 0.1281619 0.1287452 0.1297201 0.1600124 0.2012798 0.2021171 0.1963741 0.1735703 0.1752344 0.1985742 0.2215643 0.2245839 0.2052012 0.2023190 0.1736887 0.2218040 0.2194199 0.1899222 0.4448258 1.4608775 1.5386919 1.5367817 1.9553613 2.4416589 2.5134901 2.5567401 2.8750002 4.2225545 
MG732813.1  2.1456930 2.1445876 2.1219457 2.2462538 2.4054888 2.0892731 2.0433332 2.1619493 2.0986014 2.1903711 2.1725844 0.1731073 0.1567266 0.1630906 0.1548805 0.1532377 0.1457604 0.1458187 0.1549887 0.1668253 0.1682623 0.1674205 0.1697631 0.1755173 0.1681924 0.1428806 0.0000000 0.0000010 0.0007970 0.0007970 0.1229837 0.1181273 0.1179320 0.1181273 0.1184980 0.1416119 0.1885223 0.1928658 0.1887865 0.1527394 0.1521993 0.2040892 0.2186996 0.2194736 0.2131131 0.2096664 0.1795547 0.2249749 0.2204901 0.1849932 0.4449868 1.4659570 1.5161275 1.5874512 1.9093406 2.3759772 2.4204160 2.5673279 2.7631796 4.2260281 
MH626634.1  2.1456930 2.1416310 2.1288131 2.2491364 2.4089586 2.0906228 2.0433332 2.1619493 2.0986014 2.1962441 2.1796733 0.1731073 0.1562290 0.1625685 0.1548076 0.1531656 0.1456929 0.1457512 0.1549887 0.1668253 0.1682623 0.1674205 0.1697631 0.1749468 0.1677304 0.1426473 0.0000010 0.0000000 0.0007970 0.0007960 0.1229837 0.1181273 0.1179320 0.1181273 0.1184980 0.1411781 0.1885223 0.1928658 0.1887865 0.1524764 0.1517241 0.2040892 0.2186996 0.2194736 0.2131131 0.2096664 0.1795547 0.2249749 0.2201039 0.1847182 0.4449868 1.4679711 1.5062725 1.5884971 1.9106131 2.3710490 2.4219297 2.5673279 2.7630228 4.2225112 
MG732814.1  2.1459136 2.1446765 2.1269032 2.2478419 2.4057670 2.0862008 2.0481777 2.1621782 2.0988248 2.1904611 2.1760759 0.1737949 0.1571630 0.1635334 0.1557416 0.1540960 0.1465989 0.1466576 0.1549877 0.1672687 0.1687068 0.1678643 0.1702115 0.1759726 0.1686775 0.1435112 0.0007970 0.0007970 0.0000000 0.0000010 0.1233768 0.1187136 0.1185181 0.1187136 0.1190848 0.1420262 0.1887954 0.1933385 0.1890612 0.1531673 0.1526263 0.2043753 0.2194714 0.2202417 0.2138745 0.2104247 0.1802568 0.2252789 0.2207917 0.1856726 0.4460923 1.4681629 1.5150076 1.5852069 1.9123841 2.3782523 2.4223747 2.5722634 2.7656798 4.2286679 
MH626635.1  2.1459136 2.1483507 2.1337824 2.2507259 2.4092371 2.0875488 2.0481777 2.1621782 2.0988248 2.1954391 2.1810673 0.1737949 0.1568880 0.1632449 0.1556682 0.1540234 0.1465310 0.1465896 0.1549877 0.1672687 0.1687068 0.1678643 0.1702115 0.1756574 0.1683772 0.1432661 0.0007970 0.0007960 0.0000010 0.0000000 0.1233768 0.1187136 0.1185181 0.1187136 0.1190848 0.1417864 0.1887954 0.1933385 0.1890612 0.1529034 0.1523637 0.2043753 0.2194714 0.2202417 0.2138745 0.2104247 0.1802568 0.2252789 0.2204048 0.1853963 0.4460923 1.4701786 1.5095796 1.5862516 1.9136583 2.3752054 2.4238893 2.5722634 2.7655221 4.2246579 
OL598599.1  2.1755212 2.1513786 2.1805963 2.2346527 2.3634511 2.0808216 2.0893454 2.1796818 2.0983131 2.1843941 2.1969916 0.1739870 0.1605137 0.1654531 0.1600540 0.1600234 0.1413554 0.1417997 0.1655851 0.1769373 0.1764808 0.1756170 0.1673421 0.1812900 0.1807141 0.1418827 0.1229837 0.1229837 0.1233768 0.1233768 0.0000000 0.1120543 0.1118630 0.1124184 0.1131667 0.1619900 0.1941160 0.1976673 0.1930840 0.1690014 0.1706642 0.2006935 0.2302232 0.2348241 0.2185937 0.2157810 0.1890247 0.2256399 0.2220752 0.1843673 0.4393261 1.4528455 1.5440482 1.5939800 1.9547718 2.4145163 2.4741349 2.5917179 2.7831616 4.2040597 
ON375365.1  2.1639244 2.1661176 2.2396834 2.2410453 2.3662074 2.0558202 2.0453872 2.1446176 2.0872459 2.2085331 2.1973108 0.1632519 0.1556637 0.1585615 0.1422574 0.1413797 0.1307876 0.1322131 0.1544571 0.1713311 0.1724250 0.1724139 0.1641982 0.1724875 0.1715889 0.1283636 0.1181273 0.1181273 0.1187136 0.1187136 0.1120543 0.0000000 0.0001330 0.0005341 0.0012030 0.1575453 0.1870719 0.1893554 0.1847182 0.1585191 0.1602844 0.1970766 0.2172760 0.2296368 0.2114567 0.2080432 0.1825652 0.2258432 0.2164578 0.1939554 0.4300768 1.4866461 1.5301504 1.5521273 1.9008799 2.3686532 2.4753167 2.5692479 2.8300705 4.1514899 
ON375366.1  2.1657772 2.1679667 2.2415882 2.2429598 2.3684948 2.0575526 2.0471125 2.1465083 2.0890916 2.2067530 2.1955286 0.1630285 0.1554447 0.1583411 0.1420461 0.1411687 0.1305834 0.1320081 0.1542384 0.1711051 0.1721985 0.1721874 0.1639742 0.1722610 0.1713616 0.1281619 0.1179320 0.1179320 0.1185181 0.1185181 0.1118630 0.0001330 0.0000000 0.0004005 0.0010691 0.1573273 0.1868332 0.1891168 0.1844810 0.1582988 0.1600634 0.1968325 0.2170209 0.2293754 0.2112040 0.2077916 0.1823298 0.2255832 0.2162030 0.1937139 0.4296990 1.4878493 1.5313802 1.5533763 1.9025050 2.3706805 2.4733868 2.5714634 2.8325545 4.1550694 
ON375367.1  2.1659691 2.1681583 2.2417882 2.2465856 2.3728147 2.0608480 2.0503953 2.1500975 2.0926000 2.2103905 2.1991705 0.1632519 0.1560742 0.1589744 0.1426552 0.1417772 0.1311737 0.1326002 0.1548673 0.1717530 0.1728477 0.1728366 0.1646170 0.1724875 0.1720130 0.1287452 0.1181273 0.1181273 0.1187136 0.1187136 0.1124184 0.0005341 0.0004005 0.0000000 0.0006678 0.1575453 0.1870719 0.1897989 0.1847182 0.1589318 0.1606980 0.1975296 0.2172760 0.2296368 0.2119242 0.2085091 0.1830034 0.2263232 0.2169289 0.1939554 0.4300768 1.4868319 1.5325415 1.5544137 1.9027043 2.3728773 2.4753167 2.5735186 2.8304808 4.1643931 
ON375368.1  2.1623863 2.1645828 2.2399487 2.2497371 2.3809764 2.0622879 2.0518301 2.1516615 2.0941315 2.2119726 2.2042044 0.1634869 0.1569249 0.1598303 0.1432749 0.1423963 0.1317737 0.1332021 0.1559200 0.1724139 0.1735099 0.1734988 0.1652723 0.1735725 0.1724693 0.1297201 0.1184980 0.1184980 0.1190848 0.1190848 0.1131667 0.0012030 0.0010691 0.0006678 0.0000000 0.1579683 0.1879955 0.1907225 0.1856358 0.1589318 0.1606980 0.1980202 0.2177686 0.2298837 0.2119447 0.2085293 0.1830034 0.2268461 0.2174412 0.1942393 0.4308857 1.4856559 1.5325415 1.5544137 1.9069696 2.3745332 2.4830972 2.5770823 2.8320569 4.1735216 
OQ447500.1  2.1320219 2.1366804 2.1653351 2.2275885 2.4124425 2.0942668 2.0957293 2.2171794 2.1114217 2.2182528 2.2079386 0.1939847 0.1841889 0.1902572 0.1851694 0.1845144 0.1718442 0.1719160 0.1853973 0.1827591 0.1830827 0.1829106 0.1873297 0.1864374 0.1934663 0.1600124 0.1416119 0.1411781 0.1420262 0.1417864 0.1619900 0.1575453 0.1573273 0.1575453 0.1579683 0.0000000 0.1891449 0.1963408 0.1864379 0.1455889 0.1460126 0.1512588 0.2312482 0.2340869 0.2188647 0.2169220 0.2077328 0.2416015 0.2432115 0.2192023 0.4716218 1.4709316 1.5047393 1.5716652 1.9190907 2.4106434 2.5192697 2.5555629 2.8691732 4.2765158 
KJ821019.1  2.1304503 2.0950341 2.1397337 2.2487801 2.3860956 2.0202362 2.0926258 2.1828266 2.1145173 2.1886779 2.1878630 0.1599577 0.1523212 0.1556706 0.1528519 0.1542895 0.1646539 0.1646305 0.1628727 0.1604136 0.1606018 0.1595894 0.1636814 0.1538953 0.1737694 0.2012798 0.1885223 0.1885223 0.1887954 0.1887954 0.1941160 0.1870719 0.1868332 0.1870719 0.1879955 0.1891449 0.0000000 0.0681919 0.1159059 0.1788827 0.1801448 0.1704592 0.2224494 0.2237302 0.1925743 0.1921715 0.2086145 0.1974251 0.1868685 0.2229080 0.4390222 1.4723797 1.5405550 1.5402736 1.9041491 2.4048154 2.4900736 2.4825766 2.7711188 4.2711410 
KJ821020.1  2.1782576 2.1631510 2.1404897 2.2447081 2.3733081 2.0525348 2.0828071 2.1722499 2.1413839 2.1613584 2.1615472 0.1454608 0.1382267 0.1423348 0.1492744 0.1502725 0.1685208 0.1685770 0.1561191 0.1548138 0.1541701 0.1535779 0.1551453 0.1476017 0.1713854 0.2021171 0.1928658 0.1928658 0.1933385 0.1933385 0.1976673 0.1893554 0.1891168 0.1897989 0.1907225 0.1963408 0.0681919 0.0000000 0.1365967 0.1858182 0.1859944 0.1691214 0.2209805 0.2190701 0.2032175 0.2028411 0.2169974 0.1971186 0.1832874 0.2143426 0.4329471 1.4889110 1.5612774 1.5486651 1.9351253 2.4061813 2.4823381 2.5184555 2.8206206 4.3122331 
KJ821021.1  2.1599036 2.1293377 2.1351554 2.2716608 2.3938252 2.0127371 2.0876011 2.2211129 2.1716911 2.1792504 2.2033215 0.1674749 0.1625162 0.1632851 0.1673632 0.1683823 0.1716237 0.1710261 0.1722114 0.1769534 0.1771479 0.1766793 0.1718298 0.1690157 0.1814426 0.1963741 0.1887865 0.1887865 0.1890612 0.1890612 0.1930840 0.1847182 0.1844810 0.1847182 0.1856358 0.1864379 0.1159059 0.1365967 0.0000000 0.1766700 0.1786128 0.1552134 0.2156641 0.2162243 0.2008800 0.1986808 0.2157279 0.2078223 0.1948058 0.2135064 0.4475859 1.5134656 1.5572128 1.5255209 1.9499130 2.3984380 2.4940210 2.5672509 2.8165297 4.2097132 
LC326555.1  2.1294436 2.1512296 2.1795778 2.2297716 2.4421645 2.0609061 2.0470109 2.1433618 2.0412095 2.1510661 2.1671491 0.2061708 0.2015551 0.2048931 0.1963393 0.1997801 0.1880319 0.1885592 0.1998355 0.1992031 0.1991130 0.1996244 0.2054774 0.2073089 0.2050996 0.1735703 0.1527394 0.1524764 0.1531673 0.1529034 0.1690014 0.1585191 0.1582988 0.1589318 0.1589318 0.1455889 0.1788827 0.1858182 0.1766700 0.0000000 0.0054958 0.1797061 0.2183284 0.2282999 0.2125772 0.2109294 0.1932249 0.2356502 0.2296012 0.2260966 0.4535141 1.4981557 1.5239595 1.5638059 1.9078707 2.4106870 2.4481780 2.5925436 2.8597142 4.2819517 
LC326556.1  2.1399502 2.1579572 2.1904182 2.2381235 2.4453730 2.0821121 2.0575361 2.1407522 2.0519054 2.1537048 2.1832288 0.2080731 0.2016159 0.2043263 0.1960136 0.1996518 0.1884775 0.1890049 0.2011216 0.2001953 0.1996548 0.2001664 0.2074098 0.2086962 0.2050289 0.1752344 0.1521993 0.1517241 0.1526263 0.1523637 0.1706642 0.1602844 0.1600634 0.1606980 0.1606980 0.1460126 0.1801448 0.1859944 0.1786128 0.0054958 0.0000000 0.1794272 0.2194169 0.2278727 0.2127582 0.2111108 0.1905600 0.2360349 0.2285113 0.2254085 0.4526885 1.5003377 1.5148425 1.5722526 1.8958604 2.4040510 2.4461350 2.5871661 2.8295095 4.2581753 
KX574284.1  2.1428685 2.1193319 2.1651887 2.2760599 2.4012052 2.0966597 2.1281575 2.1896567 2.1293768 2.2485025 2.2430806 0.1960671 0.1798030 0.1856517 0.1797777 0.1825551 0.1851743 0.1851203 0.1846136 0.1820583 0.1818162 0.1820494 0.1902429 0.1883220 0.1836986 0.1985742 0.2040892 0.2040892 0.2043753 0.2043753 0.2006935 0.1970766 0.1968325 0.1975296 0.1980202 0.1512588 0.1704592 0.1691214 0.1552134 0.1797061 0.1794272 0.0000000 0.2343457 0.2394536 0.2150325 0.2147894 0.2304256 0.2206396 0.2136055 0.2215822 0.4441363 1.4571970 1.5254390 1.5922061 1.9273432 2.4497883 2.5559928 2.4820913 2.8556664 4.2537801 
KY053835.1  2.2179205 2.2218367 2.2370826 2.3440282 2.3724344 2.0895048 2.1199564 2.2012874 2.1413532 2.2444084 2.2749539 0.2118444 0.2109275 0.2213790 0.2123539 0.2130189 0.2146874 0.2139235 0.2201484 0.2167717 0.2172229 0.2172497 0.2231174 0.2238050 0.2218262 0.2215643 0.2186996 0.2186996 0.2194714 0.2194714 0.2302232 0.2172760 0.2170209 0.2172760 0.2177686 0.2312482 0.2224494 0.2209805 0.2156641 0.2183284 0.2194169 0.2343457 0.0000000 0.1509981 0.1785841 0.1760779 0.2095536 0.2134153 0.2151395 0.2492001 0.4481628 1.4636585 1.5142118 1.5085954 1.9900415 2.4114760 2.5005613 2.5198121 2.7795987 4.3994596 
NC_003987.1 2.1383061 2.1413226 2.1710879 2.3152523 2.3744208 2.0800536 2.0896462 2.1899022 2.2031629 2.2374687 2.2203967 0.2212054 0.2245652 0.2292598 0.2203464 0.2199009 0.2226645 0.2232954 0.2262016 0.2219479 0.2221317 0.2228695 0.2218277 0.2209644 0.2242098 0.2245839 0.2194736 0.2194736 0.2202417 0.2202417 0.2348241 0.2296368 0.2293754 0.2296368 0.2298837 0.2340869 0.2237302 0.2190701 0.2162243 0.2282999 0.2278727 0.2394536 0.1509981 0.0000000 0.1939222 0.1903630 0.2090724 0.2095974 0.2131336 0.2383732 0.4427662 1.4914612 1.5476755 1.5452593 1.9426696 2.3434075 2.4625536 2.6339157 2.9108524 4.3744455 
MN241819.1  2.1840213 2.1767707 2.2040620 2.2751962 2.4311849 2.0644233 2.0850838 2.1820806 2.0979131 2.2028161 2.2111289 0.1991895 0.1795807 0.1840737 0.1874267 0.1885033 0.1935301 0.1941234 0.2005474 0.1856178 0.1844009 0.1848951 0.1933889 0.1983433 0.1934660 0.2052012 0.2131131 0.2131131 0.2138745 0.2138745 0.2185937 0.2114567 0.2112040 0.2119242 0.2119447 0.2188647 0.1925743 0.2032175 0.2008800 0.2125772 0.2127582 0.2150325 0.1785841 0.1939222 0.0000000 0.0005379 0.1984597 0.1890275 0.1979137 0.2380659 0.4251091 1.4203765 1.5311972 1.4773419 1.9005804 2.3785950 2.4905169 2.5558431 2.8935902 4.2519999 
MN241820.1  2.1775191 2.1685577 2.1999013 2.2634908 2.4086286 2.0529549 2.0737723 2.1674965 2.0890382 2.1891006 2.1935904 0.1989254 0.1799378 0.1837805 0.1878430 0.1891420 0.1937744 0.1943696 0.2010607 0.1855272 0.1847795 0.1848020 0.1933672 0.1985420 0.1933415 0.2023190 0.2096664 0.2096664 0.2104247 0.2104247 0.2157810 0.2080432 0.2077916 0.2085091 0.2085293 0.2169220 0.1921715 0.2028411 0.1986808 0.2109294 0.2111108 0.2147894 0.1760779 0.1903630 0.0005379 0.0000000 0.1975091 0.1887613 0.1975747 0.2362103 0.4210706 1.4122417 1.5235144 1.4693068 1.9001781 2.3820022 2.4932565 2.5556711 2.8897791 4.2707172 
LT900497.1  2.1296760 2.1578281 2.1808739 2.2920933 2.4198808 2.0419584 2.0347857 2.1525723 2.0277812 2.2204772 2.2445607 0.2180297 0.2057125 0.2066470 0.2009873 0.2029720 0.1838688 0.1843805 0.2120875 0.2084195 0.2086407 0.2091533 0.2239032 0.2067062 0.2116343 0.1736887 0.1795547 0.1795547 0.1802568 0.1802568 0.1890247 0.1825652 0.1823298 0.1830034 0.1830034 0.2077328 0.2086145 0.2169974 0.2157279 0.1932249 0.1905600 0.2304256 0.2095536 0.2090724 0.1984597 0.1975091 0.0000000 0.1829429 0.1949364 0.2274718 0.4414440 1.4738589 1.5040553 1.5255945 1.9315599 2.3990275 2.4679878 2.4831300 2.7777152 4.3121411 
MK497044.1  2.0996580 2.1013762 2.1130441 2.2712001 2.4269280 2.0618706 2.1357963 2.2124765 2.1506102 2.2373101 2.2497033 0.1966078 0.1892195 0.1950017 0.1896527 0.1926086 0.2110736 0.2104883 0.1913885 0.1980243 0.1968238 0.1968663 0.1910015 0.1921587 0.1900723 0.2218040 0.2249749 0.2249749 0.2252789 0.2252789 0.2256399 0.2258432 0.2255832 0.2263232 0.2268461 0.2416015 0.1974251 0.1971186 0.2078223 0.2356502 0.2360349 0.2206396 0.2134153 0.2095974 0.1890275 0.1887613 0.1829429 0.0000000 0.0955983 0.2475316 0.4442328 1.4857001 1.5394139 1.5650488 1.9335929 2.3374831 2.5352759 2.5736735 2.8908013 4.3781526 
MN836683.1  2.1717732 2.1847928 2.1987802 2.2828035 2.4008878 2.1300884 2.1329002 2.1735876 2.1381391 2.2691561 2.2842639 0.1812600 0.1744392 0.1742328 0.1753482 0.1779664 0.1957986 0.1952352 0.1798638 0.1870103 0.1861149 0.1865125 0.1865983 0.1839841 0.1902891 0.2194199 0.2204901 0.2201039 0.2207917 0.2204048 0.2220752 0.2164578 0.2162030 0.2169289 0.2174412 0.2432115 0.1868685 0.1832874 0.1948058 0.2296012 0.2285113 0.2136055 0.2151395 0.2131336 0.1979137 0.1975747 0.1949364 0.0955983 0.0000000 0.2335645 0.4373068 1.5245032 1.5644549 1.5192472 1.9291105 2.4126942 2.5312376 2.5593170 2.8451843 4.4004467 
MT080999.1  2.1527796 2.1625302 2.1477706 2.2434183 2.4762701 2.0768911 2.0974207 2.1538177 2.1511143 2.1615068 2.2147959 0.2009224 0.1867634 0.1865300 0.1897383 0.1909597 0.1871529 0.1876727 0.1858910 0.1993258 0.1981080 0.1978946 0.2004387 0.2079125 0.2063522 0.1899222 0.1849932 0.1847182 0.1856726 0.1853963 0.1843673 0.1939554 0.1937139 0.1939554 0.1942393 0.2192023 0.2229080 0.2143426 0.2135064 0.2260966 0.2254085 0.2215822 0.2492001 0.2383732 0.2380659 0.2362103 0.2274718 0.2475316 0.2335645 0.0000000 0.4498153 1.5117938 1.5586155 1.5867738 2.0043877 2.3145963 2.5498709 2.6301586 2.8071019 4.3679122 
MN807752.1  2.2441292 2.2859034 2.2323463 2.3798285 2.5074427 2.2673657 2.2300114 2.2935450 2.2635475 2.4476071 2.4401847 0.4431973 0.4440236 0.4544079 0.4309064 0.4326768 0.4395949 0.4381303 0.4473819 0.4395358 0.4393054 0.4391058 0.4392466 0.4413894 0.4347855 0.4448258 0.4449868 0.4449868 0.4460923 0.4460923 0.4393261 0.4300768 0.4296990 0.4300768 0.4308857 0.4716218 0.4390222 0.4329471 0.4475859 0.4535141 0.4526885 0.4441363 0.4481628 0.4427662 0.4251091 0.4210706 0.4414440 0.4442328 0.4373068 0.4498153 0.0000000 1.6629730 1.6666334 1.7014867 2.2870383 2.6385185 2.7275671 2.7816090 2.9637504 4.8219468 
MN784122.1  2.3131358 2.3191469 2.3495801 2.4533755 2.5902073 2.3603749 2.3444925 2.3667979 2.3356455 2.4772526 2.4676363 1.4863490 1.4396890 1.4275958 1.4690589 1.4694842 1.4789614 1.4836361 1.4437845 1.4333383 1.4320428 1.4309503 1.4563731 1.4661417 1.4723513 1.4608775 1.4659570 1.4679711 1.4681629 1.4701786 1.4528455 1.4866461 1.4878493 1.4868319 1.4856559 1.4709316 1.4723797 1.4889110 1.5134656 1.4981557 1.5003377 1.4571970 1.4636585 1.4914612 1.4203765 1.4122417 1.4738589 1.4857001 1.5245032 1.5117938 1.6629730 0.0000000 1.5329646 1.4830138 2.0721065 2.6393146 2.9378980 2.9765171 3.1375741 6.1366536 
LC503602.1  2.1456391 2.1425588 2.1942575 2.3478172 2.4981130 2.2739457 2.2785131 2.2853840 2.2756730 2.2972941 2.3083969 1.5364695 1.5156659 1.4985099 1.5672015 1.5616184 1.5646664 1.5688251 1.5486493 1.5309844 1.5282294 1.5296520 1.5479949 1.4927046 1.5379447 1.5386919 1.5161275 1.5062725 1.5150076 1.5095796 1.5440482 1.5301504 1.5313802 1.5325415 1.5325415 1.5047393 1.5405550 1.5612774 1.5572128 1.5239595 1.5148425 1.5254390 1.5142118 1.5476755 1.5311972 1.5235144 1.5040553 1.5394139 1.5644549 1.5586155 1.6666334 1.5329646 0.0000000 0.4709836 2.1784628 2.5381559 2.8851962 2.9275009 3.3505870 5.7263530 
NC_004451.1 2.3189979 2.2884308 2.2488474 2.3020490 2.4606706 2.1471945 2.2892752 2.1911164 2.1754649 2.2927591 2.3244800 1.5800231 1.5605870 1.5439140 1.5843200 1.5713997 1.5642968 1.5636309 1.5547156 1.5821883 1.5857036 1.5845019 1.5689739 1.5201323 1.5848285 1.5367817 1.5874512 1.5884971 1.5852069 1.5862516 1.5939800 1.5521273 1.5533763 1.5544137 1.5544137 1.5716652 1.5402736 1.5486651 1.5255209 1.5638059 1.5722526 1.5922061 1.5085954 1.5452593 1.4773419 1.4693068 1.5255945 1.5650488 1.5192472 1.5867738 1.7014867 1.4830138 0.4709836 0.0000000 2.1412160 2.6724096 2.7788272 2.9061634 3.3498437 5.5469477 
LC386162.1  2.3118009 2.3377437 2.3313726 2.3221277 2.4682869 2.4813792 2.4784667 2.5471831 2.5395368 2.6418803 2.6214943 1.9354917 1.9203107 1.9028848 1.9467647 1.9415414 1.9347419 1.9340201 1.9098573 1.9235239 1.9276561 1.9231761 1.9399151 1.9110757 1.8863481 1.9553613 1.9093406 1.9106131 1.9123841 1.9136583 1.9547718 1.9008799 1.9025050 1.9027043 1.9069696 1.9190907 1.9041491 1.9351253 1.9499130 1.9078707 1.8958604 1.9273432 1.9900415 1.9426696 1.9005804 1.9001781 1.9315599 1.9335929 1.9291105 2.0043877 2.2870383 2.0721065 2.1784628 2.1412160 0.0000000 1.7259714 2.7273778 2.8357385 3.1077944 6.4692885 
MF352431.1  2.4876932 2.4402699 2.4699211 2.4687939 2.7252146 2.4842983 2.6753242 2.4832893 2.4553491 2.5049346 2.4365275 2.3978930 2.3706045 2.4069769 2.3735503 2.3767537 2.3995900 2.3917191 2.3643322 2.4204724 2.4160300 2.4220693 2.4212426 2.3806582 2.3919642 2.4416589 2.3759772 2.3710490 2.3782523 2.3752054 2.4145163 2.3686532 2.3706805 2.3728773 2.3745332 2.4106434 2.4048154 2.4061813 2.3984380 2.4106870 2.4040510 2.4497883 2.4114760 2.3434075 2.3785950 2.3820022 2.3990275 2.3374831 2.4126942 2.3145963 2.6385185 2.6393146 2.5381559 2.6724096 1.7259714 0.0000000 2.9578531 2.6444720 3.4364919 6.2019765 
MK521918.1  2.8292411 2.8946411 2.8258357 2.8117127 2.9386330 2.7455503 2.7165354 2.7508350 2.8524131 2.8956967 2.8806313 2.4777991 2.4733718 2.4855539 2.4977654 2.5123865 2.4829147 2.4847322 2.3906292 2.4307520 2.4213933 2.4224849 2.4700904 2.4880572 2.5232118 2.5134901 2.4204160 2.4219297 2.4223747 2.4238893 2.4741349 2.4753167 2.4733868 2.4753167 2.4830972 2.5192697 2.4900736 2.4823381 2.4940210 2.4481780 2.4461350 2.5559928 2.5005613 2.4625536 2.4905169 2.4932565 2.4679878 2.5352759 2.5312376 2.5498709 2.7275671 2.9378980 2.8851962 2.7788272 2.7273778 2.9578531 0.0000000 2.9593116 3.5436300 7.4855236 
KY855433.1  2.7334869 2.6859953 2.7350706 2.9459487 3.0206177 2.6099120 2.7041012 2.6723196 2.7231672 2.6992785 2.6569304 2.5473507 2.5111670 2.5345706 2.5270389 2.5143881 2.5359934 2.5308772 2.5428639 2.5053431 2.4993224 2.5017810 2.5680002 2.4904949 2.5314665 2.5567401 2.5673279 2.5673279 2.5722634 2.5722634 2.5917179 2.5692479 2.5714634 2.5735186 2.5770823 2.5555629 2.4825766 2.5184555 2.5672509 2.5925436 2.5871661 2.4820913 2.5198121 2.6339157 2.5558431 2.5556711 2.4831300 2.5736735 2.5593170 2.6301586 2.7816090 2.9765171 2.9275009 2.9061634 2.8357385 2.6444720 2.9593116 0.0000000 2.4932725 6.7840259 
NC_040605.1 3.4496080 3.4135771 3.4212457 3.3839462 3.5281364 3.1679490 3.1202603 3.0118808 3.0247148 3.1453591 3.1151618 2.8914357 2.7490253 2.7805958 2.8157772 2.8257973 2.8300389 2.8316307 2.8035805 2.8220074 2.8144002 2.8196314 2.9434941 2.8711226 2.7920776 2.8750002 2.7631796 2.7630228 2.7656798 2.7655221 2.7831616 2.8300705 2.8325545 2.8304808 2.8320569 2.8691732 2.7711188 2.8206206 2.8165297 2.8597142 2.8295095 2.8556664 2.7795987 2.9108524 2.8935902 2.8897791 2.7777152 2.8908013 2.8451843 2.8071019 2.9637504 3.1375741 3.3505870 3.3498437 3.1077944 3.4364919 3.5436300 2.4932725 0.0000000 6.9418985 
NC_001547.1 5.8010162 5.7834954 5.9342076 5.9065199 6.0336327 5.6399446 5.6002129 5.6172418 5.3957262 5.4688669 5.5392159 4.2608127 4.0761038 4.1003580 4.1360653 4.1765555 4.2059229 4.2097941 4.1504375 4.1889923 4.1690679 4.1944870 4.1844066 4.1355948 4.2458593 4.2225545 4.2260281 4.2225112 4.2286679 4.2246579 4.2040597 4.1514899 4.1550694 4.1643931 4.1735216 4.2765158 4.2711410 4.3122331 4.2097132 4.2819517 4.2581753 4.2537801 4.3994596 4.3744455 4.2519999 4.2707172 4.3121411 4.3781526 4.4004467 4.3679122 4.8219468 6.1366536 5.7263530 5.5469477 6.4692885 6.2019765 7.4855236 6.7840259 6.9418985 0.0000000 
